    0.156488471251626033E+07    0.134024120242401515E+07    0.278216114246165880E+01    0.157307362544508195E+00    0.224675495361544275E+01   -0.294907952277059962E+03
    0.770589855124485795E+06    0.128525276350721321E+07    0.296897728425418173E+01    0.170639523403871313E+00    0.203373834306995294E+01   -0.292623966964075919E+03
    0.739322301547606825E+06    0.215217528800693993E+07    0.214366168276698410E+01    0.599990389339053534E-01    0.224893522278786318E+01   -0.290456518661241091E+03
    0.127777187968477700E+07    0.138145734774895175E+07    0.276065648761296867E+01    0.541152591672630426E-01    0.215100581496390486E+01   -0.286860300424437924E+03
    0.127777187968477700E+07    0.138145734774895175E+07    0.276065648761296867E+01    0.541152591672630426E-01    0.215100581496390486E+01   -0.286860300424437924E+03
    0.948551017520869384E+06    0.161342143656584201E+07    0.270413866101375167E+01    0.779384893536031742E-01    0.219772942246313097E+01   -0.287189370065149149E+03
    0.948551017520869384E+06    0.161342143656584201E+07    0.270413866101375167E+01    0.779384893536031742E-01    0.219772942246313097E+01   -0.287189370065149149E+03
    0.100731196902862785E+07    0.150161335395146417E+07    0.279313761060289556E+01    0.642853951950792396E-01    0.218562453614827135E+01   -0.286616481730828639E+03
    0.100731196902862785E+07    0.150161335395146417E+07    0.279313761060289556E+01    0.642853951950792396E-01    0.218562453614827135E+01   -0.286616481730828639E+03
    0.969948364861935959E+06    0.169988010344739258E+07    0.261996927205162322E+01    0.332790600028648326E-01    0.223154827080744678E+01   -0.288320128624739652E+03
    0.104807318484860065E+07    0.133820967145451205E+07    0.221305008909127210E+01    0.371043784902677226E-01    0.226289539679695118E+01   -0.290047384572081626E+03
    0.902477264614294400E+06    0.143976057245834544E+07    0.255900186316459166E+01    0.569834380387484879E-01    0.223662052821367130E+01   -0.288813906722823617E+03
    0.107153772324883263E+07    0.172750792411500402E+07    0.260428659946448038E+01    0.552601587516692999E-01    0.224357909922221843E+01   -0.288032303683207715E+03
    0.901864563264598139E+06    0.147763319217466842E+07    0.245785913029729519E+01    0.539901936963273002E-01    0.223095760974851132E+01   -0.287938796798798080E+03
    0.122840473971370165E+07    0.123476282788989809E+07    0.250204185781475763E+01    0.569352714270344104E-01    0.220151041596200958E+01   -0.287544377615211829E+03
    0.107781671828668355E+07    0.132041697804206260E+07    0.253112294700467455E+01    0.515426267387808432E-01    0.218680097972261844E+01   -0.286895382338323373E+03
    0.107781671828668355E+07    0.132041697804206260E+07    0.253112294700467455E+01    0.515426267387808432E-01    0.218680097972261844E+01   -0.286895382338323373E+03
    0.110218585222444986E+07    0.108187688866846450E+07    0.256918075419813707E+01    0.386122383193616830E-01    0.220308686397662701E+01   -0.288243169670259817E+03
    0.849855829091356252E+06    0.135423511117168842E+07    0.272542320713352204E+01    0.305130145747652889E-01    0.220305774510180985E+01   -0.290215585734206059E+03
    0.739399374062585644E+06    0.152761651923167496E+07    0.221639916463865116E+01    0.404623744741208838E-01    0.219428343172038698E+01   -0.287526996361508395E+03
    0.122412144354826002E+07    0.193109174512265413E+07    0.268227559622235123E+01    0.615854200205426736E-01    0.218619619091986683E+01   -0.290770249274497303E+03
    0.111582632358471374E+07    0.122098161037177616E+07    0.255028386307756083E+01    0.756622501799334435E-01    0.222707578081317736E+01   -0.289420896646832830E+03
    0.977743894455490750E+06    0.165952163355537085E+07    0.293597494714813401E+01    0.698477893510740244E-01    0.215447118725108577E+01   -0.287893893982594307E+03
    0.908573515334843076E+06    0.191247610379786952E+07    0.290016044494416292E+01    0.753024824182656621E-01    0.216079811423732826E+01   -0.289167932357428072E+03
    0.886576980114236241E+06    0.179727889556554146E+07    0.291650212729166913E+01    0.846801529773746897E-01    0.215718132796616313E+01   -0.288440931977562059E+03
    0.710019653658494935E+06    0.219240030383002991E+07    0.246757031445594865E+01    0.452076687061354690E-01    0.222595648754432140E+01   -0.289968135340682466E+03
    0.566011847138409037E+06    0.227471963048368460E+07    0.277294472815274951E+01    0.507668502973028651E-01    0.221437191235486797E+01   -0.290450370794850926E+03
    0.467436566755064996E+06    0.228972804126515239E+07    0.277069154354961134E+01    0.867198352039804526E-01    0.221448947578563482E+01   -0.290900759379534293E+03
    0.142772277336752112E+07    0.147495661328412825E+07    0.275590286179013066E+01    0.110660723944883591E+00    0.222892068454202885E+01   -0.289664723450294844E+03
    0.137422944682473992E+07    0.172880353471445758E+07    0.277025020230742491E+01    0.790358866170538660E-01    0.219812425076772477E+01   -0.287766157365378604E+03
    0.131191951897977432E+07    0.170219167698043492E+07    0.269777161711698055E+01    0.646674811538281713E-01    0.223411077822594484E+01   -0.287788774595114262E+03
    0.125743759539377014E+07    0.145489196974611236E+07    0.211355861353103647E+01    0.438473838593074344E-01    0.228989468895266901E+01   -0.290969405004711177E+03
    0.130494501916085184E+07    0.177927286764960014E+07    0.258652120856783663E+01    0.566860010017609176E-01    0.221528681127347893E+01   -0.288659951274573757E+03
    0.131039947271347046E+07    0.168459069728851318E+07    0.213993848562240618E+01    0.296396249532699593E-01    0.222808502316474932E+01   -0.290433876323013465E+03
    0.167070090370887355E+07    0.196072901224189275E+07    0.230439909479959093E+01    0.492678985001037614E-01    0.229432548272144476E+01   -0.290406557845342718E+03
    0.125081349464019295E+07    0.185237913348930678E+07    0.255083786246528588E+01    0.612988636761596997E-01    0.227588144931163949E+01   -0.289450622613863004E+03
    0.245387134559949453E+06    0.139519461039456981E+07    0.289171175631936483E+01    0.933492102334303742E-01    0.213605146418327196E+01   -0.288834380484584642E+03
    0.631208392893239274E+06    0.163324110256500961E+07    0.296042686627526663E+01    0.948188058333455236E-01    0.215911853708888035E+01   -0.289099347173741194E+03
    0.118979456875115400E+07    0.162217288427608693E+07    0.288197702788055032E+01    0.992792725989966318E-01    0.217193486293322735E+01   -0.287356440449323145E+03
    0.272913748149885214E+06    0.242695089171547629E+07    0.220769397993284144E+01    0.450311229114172054E-01    0.230250453065625438E+01   -0.292375761728891007E+03
    0.814772023451314773E+06    0.184886240795268980E+07    0.274652192611430790E+01    0.865996038404151236E-01    0.222568924965484660E+01   -0.288911513876549350E+03
    0.160687576179716899E+07    0.838287144839392626E+06    0.273392893542744853E+01    0.789354236319933095E-01    0.215989455247533879E+01   -0.288439443064111913E+03
    0.523359392190507962E+06    0.113444145203168970E+07    0.251157153588218041E+01    0.144457229178825947E+00    0.213452947022713380E+01   -0.287670390476505645E+03
    0.194544581896296307E+07    0.193416719936623261E+07    0.259414976046037138E+01    0.692966104157323320E-01    0.228223216333841350E+01   -0.290116067243623206E+03
    0.250465414485233044E+07    0.175842304742040811E+07    0.275439674994180628E+01    0.388925291954509283E-01    0.228733614450744049E+01   -0.288842305520113598E+03
    0.182242115436051367E+07    0.155533671677484643E+07    0.240743377564726702E+01    0.751432926886098362E-01    0.226446780177198548E+01   -0.290770647722205069E+03
    0.177318842509974237E+07    0.183753446865224955E+07    0.275840960187913442E+01    0.420455372745910938E-01    0.224869035639656678E+01   -0.287904258221871430E+03
    0.253325405956737604E+07    0.143345796809205576E+07    0.255709461139035454E+01    0.487330213103383397E-01    0.229049143654406784E+01   -0.290148858049547584E+03
    0.297502344302071212E+07    0.155339348803012888E+07    0.285023330202264935E+01    0.144012784302977398E+00    0.222549253224780230E+01   -0.290134628338532991E+03
    0.261576534452427411E+07    0.177699151392790605E+07    0.296571468615349509E+01    0.538747311921476679E-01    0.217781936623407590E+01   -0.288166877836323579E+03
    0.207850400237034843E+07    0.188082457891800534E+07    0.282528845384088134E+01    0.525689196021999761E-01    0.225218554377579672E+01   -0.288088054079027245E+03
    0.217521979193029273E+07    0.196722881849744893E+07    0.275771019636087900E+01    0.162123655457288823E+00    0.223830544466460513E+01   -0.292404007454778309E+03
    0.282605880188794667E+07    0.160709714028612711E+07    0.278096940301021611E+01    0.904420179539079661E-01    0.227195227317185378E+01   -0.290254539463002118E+03
    0.265565342062293179E+07    0.138538494230015483E+07    0.278247806545020726E+01    0.529895549147878231E-01    0.223207990762211450E+01   -0.287671205156318706E+03
    0.173726614615239669E+07    0.207415423374547390E+07    0.293229046751313849E+01    0.563360467813914870E-01    0.221361512140341787E+01   -0.289033198341219588E+03
    0.276092409932417609E+07    0.114321341860184865E+07    0.298642927503392608E+01    0.116426804851536267E+00    0.206333915544766988E+01   -0.286928067387268413E+03
    0.276092409932417609E+07    0.114321341860184865E+07    0.298642927503392608E+01    0.116426804851536267E+00    0.206333915544766988E+01   -0.286928067387268413E+03
    0.264723000988145918E+07    0.159125641708518448E+07    0.297352741504419482E+01    0.113642601860234990E+00    0.209777953617612756E+01   -0.290197897697490248E+03
    0.227917550674687186E+07    0.141639139669771027E+07    0.293466744709517968E+01    0.116375683142180913E+00    0.217494415415912989E+01   -0.287627755333859056E+03
    0.194326639726194204E+07    0.877524719353102031E+06    0.286621571205315995E+01    0.996925417514056278E-01    0.208963153842251081E+01   -0.288427270277529203E+03
    0.226427733438068209E+07    0.956213013103245408E+06    0.279204523173025754E+01    0.252067832130427882E-01    0.217286184453155995E+01   -0.289332976685795757E+03
    0.230655736324885953E+07    0.105476738580794050E+07    0.281864100050633226E+01    0.509842370292068747E-01    0.218186379756920612E+01   -0.287082952460461968E+03
    0.219420302943422412E+07    0.104086147785301134E+07    0.289341421423301082E+01    0.519702313571578575E-01    0.216087643640213845E+01   -0.286722902851025935E+03
    0.219420302943422412E+07    0.104086147785301134E+07    0.289341421423301082E+01    0.519702313571578575E-01    0.216087643640213845E+01   -0.286722902851025935E+03
    0.216792466906305589E+07    0.772378585880522383E+06    0.281674235552136354E+01    0.399902919964973194E-01    0.213943513918465733E+01   -0.288752004791903062E+03
    0.249108903595261136E+07    0.885435062202287605E+06    0.286555022911621160E+01    0.754784048428858573E-01    0.214854845499555047E+01   -0.287279860269897256E+03
    0.228786334557039710E+07    0.125084633488175645E+07    0.288173892869416726E+01    0.101944526100033114E+00    0.213956334746465515E+01   -0.287255713977100982E+03
    0.276944759714156762E+07    0.155798864581225929E+07    0.295128781285556929E+01    0.419261448942977386E-01    0.216827582392148788E+01   -0.287647827665456816E+03
    0.277159171631577983E+07    0.125136313716646167E+07    0.296046958438833041E+01    0.526188673629727974E-01    0.212748194387888523E+01   -0.286425262422363119E+03
    0.277159171631577983E+07    0.125136313716646167E+07    0.296046958438833041E+01    0.526188673629727974E-01    0.212748194387888523E+01   -0.286425262422363119E+03
    0.277159171631577983E+07    0.125136313716646167E+07    0.296046958438833041E+01    0.526188673629727974E-01    0.212748194387888523E+01   -0.286425262422363119E+03
    0.292695288669996150E+07    0.121322509853168041E+07    0.292773044139904171E+01    0.603922363520809080E-01    0.219148037395590745E+01   -0.287713864440706914E+03
    0.277370911059147958E+07    0.104887466159110470E+07    0.290283229290960065E+01    0.694033774153667293E-01    0.214715438747885656E+01   -0.285958361840495172E+03
    0.277370911059147958E+07    0.104887466159110470E+07    0.290283229290960065E+01    0.694033774153667293E-01    0.214715438747885656E+01   -0.285958361840495172E+03
    0.277370911059147958E+07    0.104887466159110470E+07    0.290283229290960065E+01    0.694033774153667293E-01    0.214715438747885656E+01   -0.285958361840495172E+03
    0.277370911059147958E+07    0.104887466159110470E+07    0.290283229290960065E+01    0.694033774153667293E-01    0.214715438747885656E+01   -0.285958361840495172E+03
    0.267421818502154294E+07    0.817240918305355241E+06    0.293823263526243528E+01    0.473609970076055500E-01    0.205338235586146656E+01   -0.287608882815149286E+03
    0.278296995867497195E+07    0.888803855535233393E+06    0.282681165359595621E+01    0.481648486620811569E-01    0.218208191747282854E+01   -0.288580596509956536E+03
    0.280717982496037241E+07    0.117248291205921210E+07    0.288504212192723797E+01    0.879107625518430885E-01    0.214524872708954151E+01   -0.287397944244672374E+03
    0.286737170285903057E+07    0.111197031278341287E+07    0.293647710777150817E+01    0.100423947943821756E+00    0.213178900426197160E+01   -0.285728392335992112E+03
    0.286737170285903057E+07    0.111197031278341287E+07    0.293647710777150817E+01    0.100423947943821756E+00    0.213178900426197160E+01   -0.285728392335992112E+03
    0.286737170285903057E+07    0.111197031278341287E+07    0.293647710777150817E+01    0.100423947943821756E+00    0.213178900426197160E+01   -0.285728392335992112E+03
    0.286737170285903057E+07    0.111197031278341287E+07    0.293647710777150817E+01    0.100423947943821756E+00    0.213178900426197160E+01   -0.285728392335992112E+03
    0.286737170285903057E+07    0.111197031278341287E+07    0.293647710777150817E+01    0.100423947943821756E+00    0.213178900426197160E+01   -0.285728392335992112E+03
    0.271915765622399654E+07    0.159233208321718080E+07    0.296762352323068868E+01    0.608896973168328373E-01    0.212779613745268925E+01   -0.287885962708403838E+03
    0.286663974902122142E+07    0.129810714259660081E+07    0.296808662207433782E+01    0.108014258424777382E+00    0.214018932693092134E+01   -0.286805672143042784E+03
    0.286663974902122142E+07    0.129810714259660081E+07    0.296808662207433782E+01    0.108014258424777382E+00    0.214018932693092134E+01   -0.286805672143042784E+03
    0.234118872145914845E+07    0.769863857647873461E+06    0.298712112071699387E+01    0.104564404582464646E+00    0.199313110764687318E+01   -0.287038797566512528E+03
    0.219132566028213967E+07    0.899999951676017488E+06    0.294014605104980786E+01    0.228675765830772010E+00    0.208828236147643187E+01   -0.288254328530071575E+03
    0.237538377745383233E+07    0.712106255257879035E+06    0.293903257744709467E+01    0.160266325754010036E+00    0.203072658770641024E+01   -0.288931887033731357E+03
    0.278642127479332080E+07    0.556067443313070689E+06    0.296641366967896047E+01    0.223373730872364062E+00    0.201724257222744185E+01   -0.287817673944072681E+03
    0.278164986539872875E+07    0.116310666199435713E+07    0.286481876042938399E+01    0.193773881646276513E+00    0.219463415990455513E+01   -0.291277219036390306E+03
    0.201542346669853828E+07    0.124108229441195540E+07    0.298379328967537250E+01    0.225765919688892924E+00    0.205599614266511921E+01   -0.290844528663302071E+03
    0.186743363303708564E+07    0.175844008425061055E+07    0.294756188897825311E+01    0.612992756494366645E-01    0.217535487567168895E+01   -0.287780290221732287E+03
    0.203550641209052061E+07    0.110549162445465685E+07    0.291196923533649077E+01    0.110319418516451384E+00    0.215193711716040648E+01   -0.286943458065209882E+03
    0.203550641209052061E+07    0.110549162445465685E+07    0.291196923533649077E+01    0.110319418516451384E+00    0.215193711716040648E+01   -0.286943458065209882E+03
    0.199959061915844027E+07    0.124839048153043771E+07    0.281915071275933427E+01    0.122616342094922934E+00    0.220115659254357521E+01   -0.288881731603903461E+03
    0.192840743153481861E+07    0.147884039161980292E+07    0.289151414148510399E+01    0.111867489459391567E+00    0.217559551959093955E+01   -0.287181472883112974E+03
    0.165309931611720310E+07    0.151998607247147500E+07    0.295434391374440741E+01    0.114444691520726505E+00    0.216662035853244772E+01   -0.288334011575987915E+03
    0.196838803413673583E+07    0.159622341463729669E+07    0.287199944626810666E+01    0.729401760895724977E-01    0.217865458564343228E+01   -0.286858152853386969E+03
    0.196838803413673583E+07    0.159622341463729669E+07    0.287199944626810666E+01    0.729401760895724977E-01    0.217865458564343228E+01   -0.286858152853386969E+03
    0.208031506881271629E+07    0.152011669005031954E+07    0.289823365257008447E+01    0.102025104491488217E+00    0.215305331182815518E+01   -0.287420626730020615E+03
    0.208031276623504050E+07    0.163930163112438447E+07    0.287852886944483144E+01    0.251299514760064194E-01    0.214669730147441840E+01   -0.291353279757777216E+03
    0.160978376398167806E+07    0.172608547867925582E+07    0.294256109740435878E+01    0.928702421257795174E-01    0.212742188740944060E+01   -0.289353073623950138E+03
    0.188721630553059210E+07    0.163688339484333014E+07    0.294421522749669728E+01    0.107367618534465678E+00    0.216660374380328458E+01   -0.287671681978944378E+03
    0.145286996448082686E+07    0.147878439965025149E+07    0.284439523183957954E+01    0.131960611114392667E+00    0.218353688867304552E+01   -0.288102627700657933E+03
    0.124248834339601477E+07    0.132044182907927060E+07    0.294567791145873947E+01    0.109314245729968090E+00    0.215467399549315308E+01   -0.288616584949470791E+03
    0.135377371204918972E+07    0.151123838604327152E+07    0.293152740722510474E+01    0.103820857904176125E+00    0.207931239596201234E+01   -0.291750080556311048E+03
    0.183194290447875508E+07    0.116286274045625189E+07    0.296956253535706471E+01    0.113858307340748227E+00    0.210309719366278713E+01   -0.286698837559615754E+03
    0.183194290447875508E+07    0.116286274045625189E+07    0.296956253535706471E+01    0.113858307340748227E+00    0.210309719366278713E+01   -0.286698837559615754E+03
    0.190352865878556832E+07    0.964160858529538615E+06    0.288129645683583124E+01    0.955897848550855272E-01    0.207416921961750722E+01   -0.289530759056944134E+03
    0.189128384129911009E+07    0.123061701397232362E+07    0.288362043750341446E+01    0.755303041062727887E-01    0.210367576560751424E+01   -0.288187904136759698E+03
    0.133345497262355057E+07    0.130284566861889185E+07    0.289976185702425848E+01    0.452997960846415609E-01    0.214430991722261632E+01   -0.286927352920759176E+03
    0.164852283761154721E+07    0.128889392342906026E+07    0.291436774217384942E+01    0.596489680078068282E-01    0.217313521489150219E+01   -0.287428622134492912E+03
    0.145380335394515400E+07    0.110540125269974791E+07    0.268653470410005335E+01    0.484450852381357669E-01    0.220717243340731883E+01   -0.287919632037218264E+03
    0.161846282312793820E+07    0.104393320406533114E+07    0.279653373927665028E+01    0.306508042156191374E-01    0.214909684550480629E+01   -0.287481419550230441E+03
    0.201621800744163594E+07    0.106002493728083908E+07    0.278800021532097331E+01    0.783724293603328820E-01    0.214807058462421407E+01   -0.288509815003190738E+03
    0.201186294483296270E+07    0.148434270263054501E+07    0.283089877173779136E+01    0.406052516460267479E-01    0.216094237115947951E+01   -0.288105028410195985E+03
    0.221785657661980670E+07    0.151453062574995914E+07    0.272101985065601948E+01    0.448605785059812065E-01    0.221475696616776307E+01   -0.288232487892820302E+03
    0.140130164891246567E+07    0.111900662395134475E+07    0.269540121150644429E+01    0.811002182447405906E-01    0.216161227717191551E+01   -0.287394775807117298E+03
    0.151719260497285286E+07    0.118350927716094092E+07    0.275654422236165475E+01    0.885412009349034052E-01    0.219056459232239220E+01   -0.287494624410927088E+03
    0.186373162994504604E+07    0.116949386513129598E+07    0.230953292710896108E+01    0.400243142547736658E-01    0.226793254548453938E+01   -0.290639072488438501E+03
    0.264685993904144457E+07    0.123089173792142235E+07    0.286863540794122862E+01    0.105818813968669212E+00    0.217799993401691117E+01   -0.287475086265011385E+03
    0.210400320738119911E+07    0.157072856929464219E+07    0.258109766321426726E+01    0.577420555375668387E-01    0.229267920545940385E+01   -0.290175478133397405E+03
    0.772429840878591058E+05    0.133020307270493545E+07    0.272855308132749963E+01    0.143491954123285914E+00    0.211446998733270863E+01   -0.289326305365493113E+03
    0.505649953802578559E+06    0.156367334492277494E+07    0.269029534977669416E+01    0.434552758166114120E-01    0.215919281109587580E+01   -0.287632695796813891E+03
    0.358493074213086860E+06    0.173424336021702364E+07    0.251071934972203925E+01    0.162648872984895415E+00    0.220185184448447036E+01   -0.291461857087654778E+03
    0.149639626535640215E+06    0.170978074118284276E+07    0.257013217747609612E+01    0.709822177985615366E-01    0.210636059513875473E+01   -0.290829410718936231E+03
    0.425503539927074744E+06    0.169154126488289353E+07    0.271641052724325860E+01    0.447266248683806655E-01    0.220675333818953057E+01   -0.289423071331694189E+03
    0.427901515096021234E+06    0.188883762189123989E+07    0.269277263548254053E+01    0.493408481921044015E-01    0.217055682467227928E+01   -0.289041560384644981E+03
    0.990308838189104456E+06    0.140113186706694425E+07    0.285227122189514670E+01    0.809108304425132929E-01    0.217503816870605693E+01   -0.287107407340926216E+03
    0.118693893801282463E+07    0.149739067152468301E+07    0.293367319076683675E+01    0.123222534762231731E+00    0.211525152126057714E+01   -0.287912866421396927E+03
    0.977310474387975875E+06    0.152028142587285279E+07    0.297878528731800962E+01    0.100105518085415221E+00    0.210585432437318953E+01   -0.288745281361100581E+03
    0.123418225018294365E+07    0.134623190262609906E+07    0.299351202825985485E+01    0.137566272358776137E+00    0.207936869248296352E+01   -0.289173126834158268E+03
    0.107231438207228202E+07    0.143739924221483106E+07    0.285008789247188199E+01    0.210287731328288902E+00    0.211661252014492529E+01   -0.290870693339193792E+03
    0.156463393112621689E+07    0.977482232811306952E+06    0.284163271271946494E+01    0.118681815292628307E+00    0.209328970440133055E+01   -0.288477995508427284E+03
    0.110161607439705357E+07    0.775684994352520560E+06    0.290494690499920694E+01    0.480424232058616896E-01    0.202313333332808387E+01   -0.287339001393572687E+03
    0.119983854830864049E+07    0.966333373525495990E+06    0.296831487700566665E+01    0.946819863126921180E-01    0.204938337114842195E+01   -0.286616814023460051E+03
    0.119983854830864049E+07    0.966333373525495990E+06    0.296831487700566665E+01    0.946819863126921180E-01    0.204938337114842195E+01   -0.286616814023460051E+03
    0.129843043748719804E+07    0.112103868420225196E+07    0.290340952614063497E+01    0.177998164665155501E+00    0.210948085896485171E+01   -0.287322798008880227E+03
    0.912054512225858052E+06    0.886068220663471729E+06    0.280882592463176106E+01    0.125620517230986134E+00    0.208845195355777768E+01   -0.286019074938245296E+03
    0.912054512225858052E+06    0.886068220663471729E+06    0.280882592463176106E+01    0.125620517230986134E+00    0.208845195355777768E+01   -0.286019074938245296E+03
    0.912054512225858052E+06    0.886068220663471729E+06    0.280882592463176106E+01    0.125620517230986134E+00    0.208845195355777768E+01   -0.286019074938245296E+03
    0.912054512225858052E+06    0.886068220663471729E+06    0.280882592463176106E+01    0.125620517230986134E+00    0.208845195355777768E+01   -0.286019074938245296E+03
    0.113168451600845950E+07    0.963075828486758866E+06    0.291247133740787856E+01    0.148532264442446604E+00    0.210137486093585935E+01   -0.286934269330656605E+03
    0.113168451600845950E+07    0.963075828486758866E+06    0.291247133740787856E+01    0.148532264442446604E+00    0.210137486093585935E+01   -0.286934269330656605E+03
    0.756318201763220481E+06    0.117331048139144201E+07    0.265656852049257042E+01    0.141615003450922372E+00    0.214066017000306186E+01   -0.287542778198380063E+03
    0.493874531462217972E+06    0.111706093397272914E+07    0.283711165631891404E+01    0.683697965761511234E-01    0.210318286648292307E+01   -0.286491005426756885E+03
    0.493874531462217972E+06    0.111706093397272914E+07    0.283711165631891404E+01    0.683697965761511234E-01    0.210318286648292307E+01   -0.286491005426756885E+03
    0.323457373454297369E+06    0.103939690782590932E+07    0.266744647294511061E+01    0.197116089339929995E+00    0.209237313677359671E+01   -0.288071067101684662E+03
    0.663270912826065207E+06    0.106109120132902381E+07    0.271422424181298139E+01    0.133928277764385900E+00    0.211575355650529895E+01   -0.286515416666715112E+03
    0.663270912826065207E+06    0.106109120132902381E+07    0.271422424181298139E+01    0.133928277764385900E+00    0.211575355650529895E+01   -0.286515416666715112E+03
    0.251889586519028089E+06    0.102000015294333105E+07    0.268058321756227036E+01    0.154325135504272209E+00    0.207725741324397450E+01   -0.286817567260105307E+03
    0.251889586519028089E+06    0.102000015294333105E+07    0.268058321756227036E+01    0.154325135504272209E+00    0.207725741324397450E+01   -0.286817567260105307E+03
    0.101903372341235052E+07    0.122102062769589899E+07    0.290631481612035314E+01    0.891659395730879378E-01    0.207727669627653011E+01   -0.286818755621384298E+03
    0.101903372341235052E+07    0.122102062769589899E+07    0.290631481612035314E+01    0.891659395730879378E-01    0.207727669627653011E+01   -0.286818755621384298E+03
    0.332756144096894190E+06    0.101243098080914107E+07    0.285760604849266731E+01    0.810094350528393764E-01    0.207050013865822313E+01   -0.286971003218761552E+03
    0.332756144096894190E+06    0.101243098080914107E+07    0.285760604849266731E+01    0.810094350528393764E-01    0.207050013865822313E+01   -0.286971003218761552E+03
    0.879412227926103282E+06    0.104558306825563801E+07    0.275315312771551612E+01    0.812636535162350737E-01    0.214886822398352617E+01   -0.286498690677052480E+03
    0.879412227926103282E+06    0.104558306825563801E+07    0.275315312771551612E+01    0.812636535162350737E-01    0.214886822398352617E+01   -0.286498690677052480E+03
    0.879412227926103282E+06    0.104558306825563801E+07    0.275315312771551612E+01    0.812636535162350737E-01    0.214886822398352617E+01   -0.286498690677052480E+03
    0.101171117197959742E+07    0.108930309671818907E+07    0.279981400581394002E+01    0.740123150320804168E-01    0.216382028872322074E+01   -0.287250298258362932E+03
    0.110164986449623830E+07    0.107673820048166648E+07    0.275001684188858997E+01    0.773339968063747191E-01    0.215025152547075216E+01   -0.286025875703088388E+03
    0.110164986449623830E+07    0.107673820048166648E+07    0.275001684188858997E+01    0.773339968063747191E-01    0.215025152547075216E+01   -0.286025875703088388E+03
    0.110164986449623830E+07    0.107673820048166648E+07    0.275001684188858997E+01    0.773339968063747191E-01    0.215025152547075216E+01   -0.286025875703088388E+03
    0.110164986449623830E+07    0.107673820048166648E+07    0.275001684188858997E+01    0.773339968063747191E-01    0.215025152547075216E+01   -0.286025875703088388E+03
    0.124118588053955860E+07    0.104848488824327791E+07    0.277898017738855607E+01    0.987636885361258959E-01    0.213208757039465358E+01   -0.286407720596021136E+03
    0.124118588053955860E+07    0.104848488824327791E+07    0.277898017738855607E+01    0.987636885361258959E-01    0.213208757039465358E+01   -0.286407720596021136E+03
    0.981766144624661072E+06    0.111440427135878406E+07    0.276194174194036712E+01    0.118737699007411879E+00    0.214622627861495552E+01   -0.286818455826906018E+03
    0.981766144624661072E+06    0.111440427135878406E+07    0.276194174194036712E+01    0.118737699007411879E+00    0.214622627861495552E+01   -0.286818455826906018E+03
    0.910996529338363674E+06    0.107149775682464754E+07    0.278064708944259298E+01    0.964001487472418983E-01    0.209470435149656309E+01   -0.286426819227231022E+03
    0.910996529338363674E+06    0.107149775682464754E+07    0.278064708944259298E+01    0.964001487472418983E-01    0.209470435149656309E+01   -0.286426819227231022E+03
    0.910996529338363674E+06    0.107149775682464754E+07    0.278064708944259298E+01    0.964001487472418983E-01    0.209470435149656309E+01   -0.286426819227231022E+03
    0.889720393337795278E+06    0.933304670409027603E+06    0.286403461168570539E+01    0.342507689039365237E-01    0.205385310708720237E+01   -0.288506312370857188E+03
    0.122863613701628172E+07    0.975639859966585063E+06    0.273370893613959831E+01    0.125420706419495487E+00    0.216251538650470954E+01   -0.288539892648431930E+03
    0.536240684306510608E+06    0.108442913179700007E+07    0.282373558408194869E+01    0.106937903513893540E+00    0.206884557912501066E+01   -0.285998680283727481E+03
    0.536240684306510608E+06    0.108442913179700007E+07    0.282373558408194869E+01    0.106937903513893540E+00    0.206884557912501066E+01   -0.285998680283727481E+03
    0.536240684306510608E+06    0.108442913179700007E+07    0.282373558408194869E+01    0.106937903513893540E+00    0.206884557912501066E+01   -0.285998680283727481E+03
    0.536240684306510608E+06    0.108442913179700007E+07    0.282373558408194869E+01    0.106937903513893540E+00    0.206884557912501066E+01   -0.285998680283727481E+03
    0.427219407616317912E+06    0.119715938204279682E+07    0.271042260035021565E+01    0.134361927823466121E+00    0.208539967862750686E+01   -0.287187028568061464E+03
    0.309560179710388184E+06    0.109092324972152710E+07    0.267918271422386178E+01    0.127875824570655827E+00    0.208271101713180551E+01   -0.286212062565349356E+03
    0.309560179710388184E+06    0.109092324972152710E+07    0.267918271422386178E+01    0.127875824570655827E+00    0.208271101713180551E+01   -0.286212062565349356E+03
    0.309560179710388184E+06    0.109092324972152710E+07    0.267918271422386178E+01    0.127875824570655827E+00    0.208271101713180551E+01   -0.286212062565349356E+03
    0.101538356324274093E+07    0.130698168740889872E+07    0.280060469522127997E+01    0.784592092042105255E-01    0.215365501789065572E+01   -0.285867094435159004E+03
    0.101538356324274093E+07    0.130698168740889872E+07    0.280060469522127997E+01    0.784592092042105255E-01    0.215365501789065572E+01   -0.285867094435159004E+03
    0.101538356324274093E+07    0.130698168740889872E+07    0.280060469522127997E+01    0.784592092042105255E-01    0.215365501789065572E+01   -0.285867094435159004E+03
    0.101538356324274093E+07    0.130698168740889872E+07    0.280060469522127997E+01    0.784592092042105255E-01    0.215365501789065572E+01   -0.285867094435159004E+03
    0.101538356324274093E+07    0.130698168740889872E+07    0.280060469522127997E+01    0.784592092042105255E-01    0.215365501789065572E+01   -0.285867094435159004E+03
    0.962109791126135271E+06    0.900764449062447180E+06    0.292506716362459862E+01    0.698297440074185372E-01    0.208348778729192752E+01   -0.287031023809072963E+03
    0.962109791126135271E+06    0.900764449062447180E+06    0.292506716362459862E+01    0.698297440074185372E-01    0.208348778729192752E+01   -0.287031023809072963E+03
    0.102389411835151585E+07    0.107027976214405359E+07    0.286088810908055935E+01    0.125611995136374971E+00    0.209760209265583386E+01   -0.285926155898340426E+03
    0.102389411835151585E+07    0.107027976214405359E+07    0.286088810908055935E+01    0.125611995136374971E+00    0.209760209265583386E+01   -0.285926155898340426E+03
    0.102389411835151585E+07    0.107027976214405359E+07    0.286088810908055935E+01    0.125611995136374971E+00    0.209760209265583386E+01   -0.285926155898340426E+03
    0.102389411835151585E+07    0.107027976214405359E+07    0.286088810908055935E+01    0.125611995136374971E+00    0.209760209265583386E+01   -0.285926155898340426E+03
    0.102389411835151585E+07    0.107027976214405359E+07    0.286088810908055935E+01    0.125611995136374971E+00    0.209760209265583386E+01   -0.285926155898340426E+03
    0.982219776542903041E+06    0.109126609111659112E+07    0.281111811873148554E+01    0.121215570421926128E+00    0.214248205844807682E+01   -0.286941445513136955E+03
    0.982219776542903041E+06    0.109126609111659112E+07    0.281111811873148554E+01    0.121215570421926128E+00    0.214248205844807682E+01   -0.286941445513136955E+03
    0.785832370214873459E+06    0.993996176200456102E+06    0.270050341662971949E+01    0.150548254079069355E+00    0.211254842577630875E+01   -0.287367041428943082E+03
    0.872390042001727736E+06    0.135083868703554897E+07    0.266077553622789331E+01    0.608355106384309632E-01    0.213578380819656610E+01   -0.287137477669846078E+03
    0.872390042001727736E+06    0.135083868703554897E+07    0.266077553622789331E+01    0.608355106384309632E-01    0.213578380819656610E+01   -0.287137477669846078E+03
    0.554246338908392237E+06    0.114203155242319615E+07    0.284573951547745541E+01    0.740079333471182765E-01    0.210906812666458698E+01   -0.286264530647839820E+03
    0.554246338908392237E+06    0.114203155242319615E+07    0.284573951547745541E+01    0.740079333471182765E-01    0.210906812666458698E+01   -0.286264530647839820E+03
    0.554246338908392237E+06    0.114203155242319615E+07    0.284573951547745541E+01    0.740079333471182765E-01    0.210906812666458698E+01   -0.286264530647839820E+03
    0.554246338908392237E+06    0.114203155242319615E+07    0.284573951547745541E+01    0.740079333471182765E-01    0.210906812666458698E+01   -0.286264530647839820E+03
    0.435599316793433914E+06    0.114197889404623373E+07    0.270299808799037544E+01    0.128006871328481930E+00    0.208408893273699780E+01   -0.286652305251812891E+03
    0.435599316793433914E+06    0.114197889404623373E+07    0.270299808799037544E+01    0.128006871328481930E+00    0.208408893273699780E+01   -0.286652305251812891E+03
    0.122800807721521775E+07    0.785941486737795174E+06    0.285783004565497700E+01    0.682852845525680624E-01    0.209810584138143374E+01   -0.285980819000899658E+03
    0.122800807721521775E+07    0.785941486737795174E+06    0.285783004565497700E+01    0.682852845525680624E-01    0.209810584138143374E+01   -0.285980819000899658E+03
    0.122800807721521775E+07    0.785941486737795174E+06    0.285783004565497700E+01    0.682852845525680624E-01    0.209810584138143374E+01   -0.285980819000899658E+03
    0.122800807721521775E+07    0.785941486737795174E+06    0.285783004565497700E+01    0.682852845525680624E-01    0.209810584138143374E+01   -0.285980819000899658E+03
    0.651086893876115093E+06    0.105208378093180712E+07    0.269002002033568743E+01    0.199594315552762386E+00    0.210038173625814162E+01   -0.288689628551468388E+03
    0.457477958784695133E+06    0.120021908795665205E+07    0.283887542323930209E+01    0.121360852929530263E+00    0.211937328574528827E+01   -0.287205325490943721E+03
    0.457477958784695133E+06    0.120021908795665205E+07    0.283887542323930209E+01    0.121360852929530263E+00    0.211937328574528827E+01   -0.287205325490943721E+03
    0.576317166530428571E+06    0.130156361165885767E+07    0.296011645561748082E+01    0.119949042946145043E+00    0.210433084497705725E+01   -0.288155672835555947E+03
    0.768706851330596139E+06    0.149243638983435673E+07    0.279940254236280728E+01    0.720124522719124693E-01    0.212417367359513909E+01   -0.287323589157999436E+03
    0.783223561309891986E+06    0.150136850111607928E+07    0.295068196418284323E+01    0.632147722169742465E-01    0.212053943542838041E+01   -0.288424162845009107E+03
    0.948479333681689110E+06    0.134460843461211910E+07    0.272867280505915000E+01    0.746581771254168636E-01    0.217936412561883275E+01   -0.286474708000665316E+03
    0.948479333681689110E+06    0.134460843461211910E+07    0.272867280505915000E+01    0.746581771254168636E-01    0.217936412561883275E+01   -0.286474708000665316E+03
    0.948479333681689110E+06    0.134460843461211910E+07    0.272867280505915000E+01    0.746581771254168636E-01    0.217936412561883275E+01   -0.286474708000665316E+03
    0.460291731374862487E+06    0.868324398256818997E+06    0.282367329006679491E+01    0.103029287378575640E+00    0.206843948960118595E+01   -0.285813246529666117E+03
    0.460291731374862487E+06    0.868324398256818997E+06    0.282367329006679491E+01    0.103029287378575640E+00    0.206843948960118595E+01   -0.285813246529666117E+03
    0.460291731374862487E+06    0.868324398256818997E+06    0.282367329006679491E+01    0.103029287378575640E+00    0.206843948960118595E+01   -0.285813246529666117E+03
    0.460291731374862487E+06    0.868324398256818997E+06    0.282367329006679491E+01    0.103029287378575640E+00    0.206843948960118595E+01   -0.285813246529666117E+03
    0.460291731374862487E+06    0.868324398256818997E+06    0.282367329006679491E+01    0.103029287378575640E+00    0.206843948960118595E+01   -0.285813246529666117E+03
    0.111795483723526727E+07    0.990535485895230435E+06    0.297952430056005690E+01    0.117965439791140492E+00    0.208872107917179228E+01   -0.289587579419182589E+03
    0.523882262604152667E+06    0.118439136233862187E+07    0.297316123847995328E+01    0.163013052524939250E+00    0.205470049942285771E+01   -0.288915955169243148E+03
    0.727653497551376582E+06    0.917299593533779262E+06    0.253305333115239195E+01    0.102480339703271542E+00    0.215962944005503266E+01   -0.288650130845748777E+03
    0.353539152133145544E+06    0.991307978341570473E+06    0.269148540030902250E+01    0.841056969160281637E-01    0.209610434195003492E+01   -0.285955396907528154E+03
    0.353539152133145544E+06    0.991307978341570473E+06    0.269148540030902250E+01    0.841056969160281637E-01    0.209610434195003492E+01   -0.285955396907528154E+03
    0.353539152133145544E+06    0.991307978341570473E+06    0.269148540030902250E+01    0.841056969160281637E-01    0.209610434195003492E+01   -0.285955396907528154E+03
    0.353539152133145544E+06    0.991307978341570473E+06    0.269148540030902250E+01    0.841056969160281637E-01    0.209610434195003492E+01   -0.285955396907528154E+03
    0.715574525862014038E+06    0.681760922406428610E+06    0.274338361448793444E+01    0.395629598675144648E-01    0.207593034415496014E+01   -0.287467457615079297E+03
    0.386263578034618928E+06    0.869277843221521587E+06    0.272242941707181041E+01    0.624174463944340355E-01    0.201509159968506202E+01   -0.287930710446334217E+03
    0.709342116586784250E+06    0.689196177347818739E+06    0.261227668598929519E+01    0.832257053958225801E-01    0.211787405176656751E+01   -0.288145150241451859E+03
    0.789173288273466169E+06    0.713461521971920040E+06    0.250389548801694728E+01    0.542586366331124920E-01    0.213821570268019290E+01   -0.288445108348174699E+03
    0.450436703793703346E+06    0.112864767738886899E+07    0.263526380740924449E+01    0.681928121995286629E-01    0.209475087990640141E+01   -0.285661957329257007E+03
    0.450436703793703346E+06    0.112864767738886899E+07    0.263526380740924449E+01    0.681928121995286629E-01    0.209475087990640141E+01   -0.285661957329257007E+03
    0.450436703793703346E+06    0.112864767738886899E+07    0.263526380740924449E+01    0.681928121995286629E-01    0.209475087990640141E+01   -0.285661957329257007E+03
    0.450436703793703346E+06    0.112864767738886899E+07    0.263526380740924449E+01    0.681928121995286629E-01    0.209475087990640141E+01   -0.285661957329257007E+03
    0.450436703793703346E+06    0.112864767738886899E+07    0.263526380740924449E+01    0.681928121995286629E-01    0.209475087990640141E+01   -0.285661957329257007E+03
    0.450436703793703346E+06    0.112864767738886899E+07    0.263526380740924449E+01    0.681928121995286629E-01    0.209475087990640141E+01   -0.285661957329257007E+03
    0.356478454526320158E+06    0.103544173138345277E+07    0.255731725377437069E+01    0.874544709271379422E-01    0.213692564975589772E+01   -0.287696578434193214E+03
    0.384606735174678150E+06    0.117537055276419176E+07    0.261175417234885421E+01    0.151780473376924768E+00    0.210610545905358038E+01   -0.287187986258668730E+03
    0.384606735174678150E+06    0.117537055276419176E+07    0.261175417234885421E+01    0.151780473376924768E+00    0.210610545905358038E+01   -0.287187986258668730E+03
    0.819107023915909464E+06    0.853985149901899626E+06    0.237779160873390483E+01    0.421526555557642582E-01    0.213872924664014530E+01   -0.287665865123167521E+03
    0.492625108034875302E+06    0.100387996228209871E+07    0.245707860119532073E+01    0.402102150719418072E-01    0.207291045244042227E+01   -0.288111214499379400E+03
    0.472011331481756701E+06    0.125577829283623281E+07    0.258936150134738474E+01    0.117769262253155538E+00    0.216614041078636266E+01   -0.288294398437645327E+03
    0.475961997890418977E+06    0.117389473949780245E+07    0.241934791882256883E+01    0.802900959466098518E-01    0.213001510923607285E+01   -0.286014779847415809E+03
    0.475961997890418977E+06    0.117389473949780245E+07    0.241934791882256883E+01    0.802900959466098518E-01    0.213001510923607285E+01   -0.286014779847415809E+03
    0.475961997890418977E+06    0.117389473949780245E+07    0.241934791882256883E+01    0.802900959466098518E-01    0.213001510923607285E+01   -0.286014779847415809E+03
    0.475961997890418977E+06    0.117389473949780245E+07    0.241934791882256883E+01    0.802900959466098518E-01    0.213001510923607285E+01   -0.286014779847415809E+03
    0.314284656009948871E+06    0.133277423425201117E+07    0.249869764567892716E+01    0.537225288608313978E-01    0.215540179146946631E+01   -0.287360176770112105E+03
    0.580736129061148386E+06    0.740852429723264766E+06    0.243927059392823509E+01    0.824779288156211599E-01    0.214253705523374371E+01   -0.289615163490047280E+03
    0.462265684753964597E+06    0.121353050355012948E+07    0.253060474932830326E+01    0.782834468471348410E-01    0.212646662912509576E+01   -0.285782886507456340E+03
    0.462265684753964597E+06    0.121353050355012948E+07    0.253060474932830326E+01    0.782834468471348410E-01    0.212646662912509576E+01   -0.285782886507456340E+03
    0.462265684753964597E+06    0.121353050355012948E+07    0.253060474932830326E+01    0.782834468471348410E-01    0.212646662912509576E+01   -0.285782886507456340E+03
    0.462265684753964597E+06    0.121353050355012948E+07    0.253060474932830326E+01    0.782834468471348410E-01    0.212646662912509576E+01   -0.285782886507456340E+03
    0.462265684753964597E+06    0.121353050355012948E+07    0.253060474932830326E+01    0.782834468471348410E-01    0.212646662912509576E+01   -0.285782886507456340E+03
    0.462265684753964597E+06    0.121353050355012948E+07    0.253060474932830326E+01    0.782834468471348410E-01    0.212646662912509576E+01   -0.285782886507456340E+03
    0.298221521393157775E+06    0.688370156005711644E+06    0.250974805915513466E+01    0.110555946256406745E+00    0.207410480887674487E+01   -0.287428313511280635E+03
    0.241628750219290057E+06    0.905444651796357939E+06    0.214069813842112522E+01    0.174187665839330097E+00    0.208477016041468355E+01   -0.288261549226249940E+03
    0.671151633571000857E+05    0.129464566977451835E+07    0.249545532725644836E+01    0.110247813697189653E+00    0.208886377136917512E+01   -0.288071759271473240E+03
    0.173376299486435193E+06    0.883089026713699219E+06    0.234512505301695384E+01    0.166929145097355208E+00    0.206621988652484578E+01   -0.287378448225227373E+03
    0.239858382308750093E+06    0.934572272641381249E+06    0.211739701692652016E+01    0.129870527233133110E+00    0.205495730408710031E+01   -0.287682820528676530E+03
    0.452828832988078764E+06    0.150575587822307064E+07    0.215772803843156469E+01    0.823636767289133709E-01    0.219479810442515078E+01   -0.288138591434003274E+03
    0.655702590870842570E+06    0.145255063377804472E+07    0.211077955969261932E+01    0.536131880117487192E-01    0.216100993977376543E+01   -0.288837728971440583E+03
    0.356743978796337615E+06    0.106659355223188526E+07    0.212857305495588500E+01    0.388370880393709220E-01    0.209522163463023858E+01   -0.286884377413848142E+03
    0.356743978796337615E+06    0.106659355223188526E+07    0.212857305495588500E+01    0.388370880393709220E-01    0.209522163463023858E+01   -0.286884377413848142E+03
    0.290376332938515498E+04    0.121228272763650352E+07    0.236571547330093068E+01    0.832352199185688035E-01    0.205942332623135016E+01   -0.290208595471344609E+03
    0.805948389299439266E+06    0.107679116239138204E+07    0.223180477573296754E+01    0.384442900265850596E-01    0.216836480482479654E+01   -0.287386622557574469E+03
    0.463125848951047636E+06    0.725993436541190953E+06    0.259512169524416603E+01    0.432379801802667899E-01    0.206213606765225554E+01   -0.286406183618767386E+03
    0.463125848951047636E+06    0.725993436541190953E+06    0.259512169524416603E+01    0.432379801802667899E-01    0.206213606765225554E+01   -0.286406183618767386E+03
    0.463125848951047636E+06    0.725993436541190953E+06    0.259512169524416603E+01    0.432379801802667899E-01    0.206213606765225554E+01   -0.286406183618767386E+03
    0.616144949861950474E+06    0.876803158619735157E+06    0.257885317753539578E+01    0.105704037012219143E+00    0.211712957065964336E+01   -0.286630593320912340E+03
    0.616144949861950474E+06    0.876803158619735157E+06    0.257885317753539578E+01    0.105704037012219143E+00    0.211712957065964336E+01   -0.286630593320912340E+03
    0.310924670899037621E+06    0.884026409159429255E+06    0.262224908389259159E+01    0.122454601615452616E+00    0.205088571330357494E+01   -0.285704409059364366E+03
    0.310924670899037621E+06    0.884026409159429255E+06    0.262224908389259159E+01    0.122454601615452616E+00    0.205088571330357494E+01   -0.285704409059364366E+03
    0.310924670899037621E+06    0.884026409159429255E+06    0.262224908389259159E+01    0.122454601615452616E+00    0.205088571330357494E+01   -0.285704409059364366E+03
    0.310924670899037621E+06    0.884026409159429255E+06    0.262224908389259159E+01    0.122454601615452616E+00    0.205088571330357494E+01   -0.285704409059364366E+03
    0.310924670899037621E+06    0.884026409159429255E+06    0.262224908389259159E+01    0.122454601615452616E+00    0.205088571330357494E+01   -0.285704409059364366E+03
    0.707543864598469809E+06    0.959651733817005530E+06    0.246066007571997325E+01    0.302646595630443258E-01    0.209180368565533659E+01   -0.289506513950784154E+03
    0.757746865268003545E+06    0.854472251424741466E+06    0.266387491802942522E+01    0.503341449037977839E-01    0.213146986213429779E+01   -0.286941617511398363E+03
    0.757746865268003545E+06    0.854472251424741466E+06    0.266387491802942522E+01    0.503341449037977839E-01    0.213146986213429779E+01   -0.286941617511398363E+03
    0.706331894328647992E+06    0.882278837537030573E+06    0.266859337373416583E+01    0.420822937881034781E-01    0.207227320874871790E+01   -0.287227678182146406E+03
    0.156723937596351909E+07    0.714135085650744382E+06    0.260727262726726128E+01    0.865314056674572063E-01    0.216497552409179139E+01   -0.291514665492449922E+03
    0.361513493879098329E+06    0.763928009989678510E+06    0.212494204360633088E+01    0.854264016373716684E-01    0.209516398741949983E+01   -0.286884055823907374E+03
    0.361513493879098329E+06    0.763928009989678510E+06    0.212494204360633088E+01    0.854264016373716684E-01    0.209516398741949983E+01   -0.286884055823907374E+03
    0.106168783173461678E+07    0.891665227835592232E+06    0.240565932811774008E+01    0.405300755119772718E-01    0.218255235237226008E+01   -0.288619730303608208E+03
    0.162897555098699348E+06    0.131655972230616678E+07    0.214641935951277496E+01    0.591778246777340533E-01    0.210270564011168393E+01   -0.287368497056030378E+03
    0.647896109939698130E+06    0.140034878272219375E+07    0.220363307048997781E+01    0.430199760130105802E-01    0.220553145771200398E+01   -0.287417203039309243E+03
    0.434265484430499608E+06    0.145108351397245703E+07    0.245973185420541629E+01    0.626728142262503451E-01    0.220359053230193869E+01   -0.288507970591508808E+03
    0.782743464528074372E+06    0.721211014016643981E+06    0.220305650708238909E+01    0.105796679442802355E+00    0.215281776128408353E+01   -0.291310734569355247E+03
    0.834622500927556888E+06    0.105135054238175228E+07    0.263455707003896755E+01    0.124518725383429174E+00    0.213046388169069090E+01   -0.287357720923379077E+03
    0.850393808210376883E+06    0.774576647852271562E+06    0.264622199960618731E+01    0.208519872035400761E-01    0.209698021092007680E+01   -0.290167790956668227E+03
    0.727105881219177274E+06    0.150804525917081162E+07    0.215709329993706156E+01    0.238674280089116939E-01    0.217983599800316030E+01   -0.288885252085751915E+03
    0.442684886148172445E+05    0.183286268581064092E+07    0.238410757289562714E+01    0.142473094715750315E+00    0.218566687869628673E+01   -0.291824735267222877E+03
    0.349565428108583961E+06    0.179358854077371373E+07    0.249920063153971839E+01    0.583964168110986115E-01    0.214585562662776663E+01   -0.289332850194267223E+03
    0.442145912871730048E+06    0.131883171273974748E+07    0.226904152171231965E+01    0.106969963935398454E+00    0.215486776261885637E+01   -0.287534864073886126E+03
    0.452005006663800741E+06    0.140159011416054307E+07    0.240277212450176858E+01    0.452445824895845380E-01    0.213359418438374737E+01   -0.287064721304805403E+03
    0.646249594207399408E+06    0.131100364954616409E+07    0.267130133493672517E+01    0.210770220969915788E-01    0.211606519529739057E+01   -0.291281385758888462E+03
    0.409326480685493909E+06    0.147249312052382133E+07    0.210692880321427456E+01    0.714252862391722698E-01    0.214648091728666923E+01   -0.287781027879577834E+03
    0.132981597422905761E+06    0.110619407718376792E+07    0.216824602984214643E+01    0.945606587354893419E-01    0.207972229673019982E+01   -0.286594121579625096E+03
    0.132981597422905761E+06    0.110619407718376792E+07    0.216824602984214643E+01    0.945606587354893419E-01    0.207972229673019982E+01   -0.286594121579625096E+03
    0.462563157499843335E+06    0.784656583058816614E+06    0.267541839939801873E+01    0.543466437863538432E-01    0.206749875342909784E+01   -0.285777420286365441E+03
    0.462563157499843335E+06    0.784656583058816614E+06    0.267541839939801873E+01    0.543466437863538432E-01    0.206749875342909784E+01   -0.285777420286365441E+03
    0.462563157499843335E+06    0.784656583058816614E+06    0.267541839939801873E+01    0.543466437863538432E-01    0.206749875342909784E+01   -0.285777420286365441E+03
    0.462563157499843335E+06    0.784656583058816614E+06    0.267541839939801873E+01    0.543466437863538432E-01    0.206749875342909784E+01   -0.285777420286365441E+03
    0.462563157499843335E+06    0.784656583058816614E+06    0.267541839939801873E+01    0.543466437863538432E-01    0.206749875342909784E+01   -0.285777420286365441E+03
    0.122705799325086467E+06    0.148230947912357538E+07    0.241769705852360284E+01    0.863244480138682102E-01    0.213469817615919677E+01   -0.287933564913287057E+03
    0.124695440707753020E+06    0.942438612237946945E+06    0.262422743007806503E+01    0.908263414016844822E-01    0.202758731575245310E+01   -0.287126814019050812E+03
    0.927162132006451604E+06    0.168938367214976368E+07    0.244059743378235527E+01    0.555088754543302740E-01    0.222776647881051026E+01   -0.287801728774083301E+03
    0.101616171859666542E+07    0.155857012850401644E+07    0.275112954586088332E+01    0.487697222842033082E-01    0.219626138971245943E+01   -0.286843517120748118E+03
    0.181783410719164065E+06    0.166919975390722952E+07    0.265225868742680992E+01    0.148266726622870465E+00    0.218384434272284533E+01   -0.291241611005755544E+03
    0.195115528000242542E+06    0.776233072120991070E+06    0.251098378991544013E+01    0.256880408732529708E+00    0.204359567886106142E+01   -0.289083644779429790E+03
    0.118017314273849223E+07    0.106623667589759780E+07    0.285441164711415851E+01    0.245559687997705833E+00    0.212189800261870953E+01   -0.289655091576409006E+03
    0.191008820762306312E+07    0.907521242586094653E+06    0.298403309506221071E+01    0.183773928829004840E+00    0.202813734954171920E+01   -0.287348355966015674E+03
    0.244957814146952983E+07    0.719713655725558288E+06    0.297876114186176189E+01    0.232235313560186035E+00    0.201529121019448842E+01   -0.287275441169956991E+03
    0.172648932454760722E+07    0.639542243549351930E+06    0.296919563287458210E+01    0.208404916226219067E+00    0.198378535117855925E+01   -0.287065222314644870E+03
    0.174822882247604360E+07    0.967956846524897148E+06    0.291539116569088641E+01    0.222493357823383031E+00    0.206983852380852174E+01   -0.289361447030988870E+03
    0.108010447800729820E+07    0.712796721384925651E+06    0.285501128869939347E+01    0.148442888053975375E+00    0.204677261382062081E+01   -0.287257551819587434E+03
    0.117703817265748815E+07    0.457048964429451735E+06    0.292693691145100443E+01    0.199816808409182339E+00    0.198578440407449586E+01   -0.287779165866587618E+03
    0.130796937627437571E+07    0.759126400453023380E+06    0.295321092243022587E+01    0.108149112662154143E+00    0.203409009045643785E+01   -0.285527352278169190E+03
    0.130796937627437571E+07    0.759126400453023380E+06    0.295321092243022587E+01    0.108149112662154143E+00    0.203409009045643785E+01   -0.285527352278169190E+03
    0.130796937627437571E+07    0.759126400453023380E+06    0.295321092243022587E+01    0.108149112662154143E+00    0.203409009045643785E+01   -0.285527352278169190E+03
    0.130796937627437571E+07    0.759126400453023380E+06    0.295321092243022587E+01    0.108149112662154143E+00    0.203409009045643785E+01   -0.285527352278169190E+03
    0.130796937627437571E+07    0.759126400453023380E+06    0.295321092243022587E+01    0.108149112662154143E+00    0.203409009045643785E+01   -0.285527352278169190E+03
    0.130796937627437571E+07    0.759126400453023380E+06    0.295321092243022587E+01    0.108149112662154143E+00    0.203409009045643785E+01   -0.285527352278169190E+03
    0.187714232641288172E+07    0.683292912698879838E+06    0.294092580788670244E+01    0.144178721376215901E+00    0.205482720881823511E+01   -0.286221889241344741E+03
    0.187714232641288172E+07    0.683292912698879838E+06    0.294092580788670244E+01    0.144178721376215901E+00    0.205482720881823511E+01   -0.286221889241344741E+03
    0.187714232641288172E+07    0.683292912698879838E+06    0.294092580788670244E+01    0.144178721376215901E+00    0.205482720881823511E+01   -0.286221889241344741E+03
    0.187714232641288172E+07    0.683292912698879838E+06    0.294092580788670244E+01    0.144178721376215901E+00    0.205482720881823511E+01   -0.286221889241344741E+03
    0.999689120083109592E+06    0.584859180633662967E+06    0.286371853960339351E+01    0.127831694923277367E+00    0.205599187110294057E+01   -0.287163811610774587E+03
    0.108143894716843008E+07    0.559729229909950402E+06    0.294693479191321828E+01    0.122286886761582170E+00    0.201549309577869895E+01   -0.287115739410300819E+03
    0.171917621235186351E+07    0.999675391779822181E+06    0.293020252844021822E+01    0.175650617416005989E+00    0.205130309356527096E+01   -0.289064025371197943E+03
    0.873810127566120587E+06    0.773220999155985191E+06    0.291895865533231547E+01    0.197667118573986667E+00    0.203299235865509331E+01   -0.286633960234392646E+03
    0.873810127566120587E+06    0.773220999155985191E+06    0.291895865533231547E+01    0.197667118573986667E+00    0.203299235865509331E+01   -0.286633960234392646E+03
    0.110136119663562346E+07    0.882924317571941414E+06    0.290536727473376777E+01    0.207175654491305261E+00    0.208513985639529231E+01   -0.287852920094956971E+03
    0.964866757834805408E+06    0.841734551617622026E+06    0.294831182416834370E+01    0.180351528930161042E+00    0.203366399562214717E+01   -0.286548848284697897E+03
    0.964866757834805408E+06    0.841734551617622026E+06    0.294831182416834370E+01    0.180351528930161042E+00    0.203366399562214717E+01   -0.286548848284697897E+03
    0.981011163685099571E+06    0.100458612198072695E+07    0.298055653958785660E+01    0.134538530118718580E+00    0.201788716458558470E+01   -0.288323709223805736E+03
    0.912158509412918705E+06    0.851598793147725053E+06    0.289164341067026331E+01    0.150127967459025097E+00    0.206907234928160388E+01   -0.285995498582079620E+03
    0.912158509412918705E+06    0.851598793147725053E+06    0.289164341067026331E+01    0.150127967459025097E+00    0.206907234928160388E+01   -0.285995498582079620E+03
    0.912158509412918705E+06    0.851598793147725053E+06    0.289164341067026331E+01    0.150127967459025097E+00    0.206907234928160388E+01   -0.285995498582079620E+03
    0.912158509412918705E+06    0.851598793147725053E+06    0.289164341067026331E+01    0.150127967459025097E+00    0.206907234928160388E+01   -0.285995498582079620E+03
    0.749261693803332630E+06    0.967122590264806291E+06    0.291260498284775782E+01    0.187659243043106910E+00    0.207007013693137498E+01   -0.287165066246545564E+03
    0.749261693803332630E+06    0.967122590264806291E+06    0.291260498284775782E+01    0.187659243043106910E+00    0.207007013693137498E+01   -0.287165066246545564E+03
    0.204236108257820015E+07    0.538089679398435284E+06    0.294390660479937427E+01    0.151657680684553486E+00    0.203250570174018996E+01   -0.287228818939215216E+03
    0.774599147308090702E+06    0.423784248714731832E+06    0.291318768997392796E+01    0.183350686186184164E+00    0.198645038708909838E+01   -0.287887423387187653E+03
    0.867032678146725171E+06    0.399514415662984771E+06    0.295418966119865356E+01    0.222999224935138102E+00    0.192948311462456124E+01   -0.287339759011741137E+03
    0.932961553862824920E+06    0.723614659656149452E+06    0.288030085517529955E+01    0.218727713719520406E+00    0.201695283939310777E+01   -0.289127770934920022E+03
    0.151606106059785048E+07    0.977693801760491217E+06    0.292544569295278833E+01    0.168638328929270970E+00    0.206033088517741803E+01   -0.287307466294709911E+03
    0.583329007687720936E+06    0.428048730087380565E+06    0.294466411443829257E+01    0.148283717098951440E+00    0.193326556470720234E+01   -0.286842843704910592E+03
    0.583329007687720936E+06    0.428048730087380565E+06    0.294466411443829257E+01    0.148283717098951440E+00    0.193326556470720234E+01   -0.286842843704910592E+03
    0.211104099922433775E+07    0.119579374877441162E+07    0.294641333145819573E+01    0.226776873626857056E+00    0.209721501352239770E+01   -0.289025025462756844E+03
    0.643208774296299904E+06    0.850312430947227986E+06    0.287761449500610711E+01    0.247118152330365465E+00    0.202476789721000605E+01   -0.289031207212348079E+03
    0.231922132565712178E+06    0.103309597983554879E+07    0.268214432530049640E+01    0.184620420538341712E+00    0.206689197808733427E+01   -0.287540188929942246E+03
    0.250683258022143360E+06    0.688475415065656300E+06    0.283361500337171801E+01    0.199405523370574905E+00    0.199673814875035527E+01   -0.286921504725309433E+03
    0.250683258022143360E+06    0.688475415065656300E+06    0.283361500337171801E+01    0.199405523370574905E+00    0.199673814875035527E+01   -0.286921504725309433E+03
    0.686066679584655212E+05    0.611143217571475659E+06    0.280398770088452309E+01    0.238290444200456336E+00    0.196045722181122861E+01   -0.289065268697466649E+03
    0.485893470912242890E+06    0.792992190849524690E+06    0.289569124856258453E+01    0.264691110804648133E+00    0.201940184918210797E+01   -0.288523316720294758E+03
    0.462219160926270706E+06    0.105443144527114183E+07    0.233297336049983661E+01    0.280576348478009108E+00    0.210985103479117519E+01   -0.292468009288974486E+03
    0.485252953288101067E+06    0.853179185378951370E+06    0.277458531639854744E+01    0.283298426862280683E+00    0.208161995280048817E+01   -0.290281629462668093E+03
    0.530487389629935264E+06    0.737676184577262262E+06    0.252518053061968306E+01    0.231486257310651672E+00    0.205491750712824217E+01   -0.291668132961906679E+03
    0.178800378261984559E+06    0.518554327150927274E+06    0.234931854727716205E+01    0.140925195889335830E+00    0.202225377502768655E+01   -0.288093346203545025E+03
    0.215795653105537989E+06    0.492694724977716047E+06    0.244520469373784044E+01    0.801676882154439135E-01    0.198547951964430247E+01   -0.286157078727024839E+03
    0.215795653105537989E+06    0.492694724977716047E+06    0.244520469373784044E+01    0.801676882154439135E-01    0.198547951964430247E+01   -0.286157078727024839E+03
    0.215795653105537989E+06    0.492694724977716047E+06    0.244520469373784044E+01    0.801676882154439135E-01    0.198547951964430247E+01   -0.286157078727024839E+03
    0.215795653105537989E+06    0.492694724977716047E+06    0.244520469373784044E+01    0.801676882154439135E-01    0.198547951964430247E+01   -0.286157078727024839E+03
    0.226931333541870117E+06    0.566667616367340088E+06    0.211017657518386859E+01    0.115329983234405506E+00    0.199675663113594060E+01   -0.288117655727630904E+03
    0.918440664913690707E+05    0.534956976189191802E+06    0.234535072623843988E+01    0.976645330855618471E-01    0.196046181354385762E+01   -0.286810051283419625E+03
    0.918440664913690707E+05    0.534956976189191802E+06    0.234535072623843988E+01    0.976645330855618471E-01    0.196046181354385762E+01   -0.286810051283419625E+03
    0.145650005746084324E+06    0.404313574175846938E+06    0.219880713464183319E+01    0.937869956057568593E-01    0.194479447060728128E+01   -0.287131734495602188E+03
    0.106654266725162466E+06    0.499819584306366858E+06    0.238156806958522305E+01    0.823944432210031164E-01    0.191234435225744992E+01   -0.289749012640943988E+03
    0.384902179241180420E+06    0.751869678497314453E+06    0.256177406907081595E+01    0.189739035964012148E+00    0.203198041319847089E+01   -0.288994375720900052E+03
    0.199465327200849570E+06    0.667257134340692661E+06    0.256651145096913913E+01    0.153545082445133180E+00    0.200615121677027597E+01   -0.286047340853636911E+03
    0.199465327200849570E+06    0.667257134340692661E+06    0.256651145096913913E+01    0.153545082445133180E+00    0.200615121677027597E+01   -0.286047340853636911E+03
    0.199465327200849570E+06    0.667257134340692661E+06    0.256651145096913913E+01    0.153545082445133180E+00    0.200615121677027597E+01   -0.286047340853636911E+03
    0.199465327200849570E+06    0.667257134340692661E+06    0.256651145096913913E+01    0.153545082445133180E+00    0.200615121677027597E+01   -0.286047340853636911E+03
    0.876839938858430542E+05    0.629068872872978798E+06    0.237619673424773792E+01    0.139446961984190348E+00    0.195516087803877081E+01   -0.287495559890708250E+03
    0.148733436601335678E+06    0.552327324005671311E+06    0.240038667473871836E+01    0.894247099493621772E-01    0.195406847171902420E+01   -0.287088496115781084E+03
    0.148733436601335678E+06    0.552327324005671311E+06    0.240038667473871836E+01    0.894247099493621772E-01    0.195406847171902420E+01   -0.287088496115781084E+03
    0.109551421272802225E+06    0.413481777941120148E+06    0.232805947559753301E+01    0.740019208390546440E-01    0.195973464441648426E+01   -0.288320683599584640E+03
    0.259749092108351848E+06    0.538133680015889811E+06    0.253159606000172088E+01    0.118713340656383712E+00    0.196769513705688937E+01   -0.288359471205845466E+03
    0.323831615087870858E+06    0.786705290682353545E+06    0.231797515350360372E+01    0.108896605203088956E+00    0.201699494620771569E+01   -0.290874970255891697E+03
    0.182392786499472015E+06    0.906692196525430889E+06    0.225865907478622585E+01    0.163682172493309269E+00    0.204331602417271663E+01   -0.287511281222972627E+03
    0.302731025805385259E+06    0.702951539885681937E+06    0.271486642882805906E+01    0.894472670043603701E-01    0.204654272419496586E+01   -0.286354622497310743E+03
    0.302731025805385259E+06    0.702951539885681937E+06    0.271486642882805906E+01    0.894472670043603701E-01    0.204654272419496586E+01   -0.286354622497310743E+03
    0.415178146800885792E+06    0.724097781784355291E+06    0.287482945845158566E+01    0.177963502344935742E+00    0.202542498041682117E+01   -0.286634870465514496E+03
    0.415178146800885792E+06    0.724097781784355291E+06    0.287482945845158566E+01    0.177963502344935742E+00    0.202542498041682117E+01   -0.286634870465514496E+03
    0.537729493802756420E+06    0.759381821506836568E+06    0.286780659638112256E+01    0.162224122638762652E+00    0.203570288796791043E+01   -0.286008246864194348E+03
    0.537729493802756420E+06    0.759381821506836568E+06    0.286780659638112256E+01    0.162224122638762652E+00    0.203570288796791043E+01   -0.286008246864194348E+03
    0.537729493802756420E+06    0.759381821506836568E+06    0.286780659638112256E+01    0.162224122638762652E+00    0.203570288796791043E+01   -0.286008246864194348E+03
    0.537729493802756420E+06    0.759381821506836568E+06    0.286780659638112256E+01    0.162224122638762652E+00    0.203570288796791043E+01   -0.286008246864194348E+03
    0.527425484246376436E+06    0.624713553149023908E+06    0.260496120753473903E+01    0.106782091018675182E+00    0.208306979264144143E+01   -0.287679250534687753E+03
    0.442063343570575817E+06    0.735991414310547523E+06    0.267915590626137368E+01    0.126427989680786473E+00    0.206637795556103532E+01   -0.286091686977527900E+03
    0.442063343570575817E+06    0.735991414310547523E+06    0.267915590626137368E+01    0.126427989680786473E+00    0.206637795556103532E+01   -0.286091686977527900E+03
    0.442063343570575817E+06    0.735991414310547523E+06    0.267915590626137368E+01    0.126427989680786473E+00    0.206637795556103532E+01   -0.286091686977527900E+03
    0.442063343570575817E+06    0.735991414310547523E+06    0.267915590626137368E+01    0.126427989680786473E+00    0.206637795556103532E+01   -0.286091686977527900E+03
    0.484771094309199776E+06    0.701234678197694710E+06    0.263592453625730361E+01    0.136674889251225395E+00    0.204357541206848481E+01   -0.286923329542727629E+03
    0.484771094309199776E+06    0.701234678197694710E+06    0.263592453625730361E+01    0.136674889251225395E+00    0.204357541206848481E+01   -0.286923329542727629E+03
    0.600841462612152100E+06    0.646442055702209473E+06    0.257528446912765530E+01    0.167160174846649190E+00    0.204363677501678476E+01   -0.291045478328483910E+03
    0.682900544933320140E+06    0.536079833535471815E+06    0.283506950807061031E+01    0.194229519070936357E+00    0.200532740006053967E+01   -0.287835068769429142E+03
    0.747256941968161729E+06    0.495211352668111853E+06    0.266022631620928207E+01    0.402526579232932794E-01    0.202257066479931735E+01   -0.292405207933592123E+03
    0.474856627149889013E+06    0.622506518283498473E+06    0.277508248229643106E+01    0.933745500514417542E-01    0.205780120791981824E+01   -0.287361975724472018E+03
    0.683380294449572568E+06    0.649456728799865348E+06    0.292377973070481367E+01    0.115269439177009367E+00    0.201056879419137902E+01   -0.285953520699536227E+03
    0.683380294449572568E+06    0.649456728799865348E+06    0.292377973070481367E+01    0.115269439177009367E+00    0.201056879419137902E+01   -0.285953520699536227E+03
    0.683380294449572568E+06    0.649456728799865348E+06    0.292377973070481367E+01    0.115269439177009367E+00    0.201056879419137902E+01   -0.285953520699536227E+03
    0.683380294449572568E+06    0.649456728799865348E+06    0.292377973070481367E+01    0.115269439177009367E+00    0.201056879419137902E+01   -0.285953520699536227E+03
    0.312833771856532898E+06    0.630211029683778295E+06    0.265198587946244091E+01    0.152841225855293472E+00    0.206099377154060104E+01   -0.288687477417987850E+03
    0.436798948637624679E+06    0.633249945297735976E+06    0.293827811370734926E+01    0.113026428635224635E+00    0.198157097191320908E+01   -0.287313713727316212E+03
    0.279695351725804096E+06    0.554929799279166036E+06    0.286910995537141789E+01    0.933600851112344615E-01    0.197348747016758619E+01   -0.287514977405993591E+03
