    0.105090581511490586E+04    0.154477881973532749E+05    0.400388580577117570E+00    0.234708410307026494E+01   -0.299904491061842691E+03
    0.504833426041626662E+05    0.183199401844967106E+05    0.971242666201450611E-01    0.280490496820935142E+01   -0.299732980758907274E+03
    0.343438880089050281E+04    0.228759473334127179E+05    0.200640181370570353E+00    0.263729564907666880E+01   -0.299665527650016827E+03
    0.180987969354854977E+05    0.190901890482285417E+05    0.164027499185995990E+00    0.279416469967561687E+01   -0.299130970845927948E+03
    0.130171162886290076E+05    0.656318777556584882E+04    0.201313873519724962E+00    0.239964952858390390E+01   -0.298855019897961142E+03
    0.328489117041656209E+05    0.255357145226977445E+05    0.807140867452814659E-01    0.282355253752647251E+01   -0.298391701941006943E+03
    0.774394721649635267E+04    0.839464059556507709E+04    0.483525018718977961E+00    0.220359686385315801E+01   -0.298229461603124832E+03
    0.538550945957945623E+04    0.207613960479239249E+05    0.273106603389808578E+00    0.248999092587059945E+01   -0.298153298718684994E+03
    0.484909498705199439E+04    0.696166434886886236E+04    0.619297628272949430E+00    0.208544617495690732E+01   -0.297789847964641524E+03
    0.726261019835412026E+04    0.247916803579305633E+05    0.158091166026657459E+00    0.258430982408932408E+01   -0.297708109813910085E+03
    0.109555596423983643E+05    0.143501627339559964E+05    0.176819549659870068E+00    0.249935267883808798E+01   -0.294247276237474978E+03
    0.614139642258806634E+04    0.156085196976632142E+05    0.205526285500461342E+00    0.230119395267589866E+01   -0.293545457674636737E+03
    0.828142933433415237E+04    0.128680245640121811E+05    0.115230268636459479E+00    0.229573787072233548E+01   -0.293743482835469194E+03
    0.606087206293070449E+04    0.146978231513526334E+05    0.196623664005194571E+00    0.233942246905224582E+01   -0.292578725515593021E+03
    0.606087206293070449E+04    0.146978231513526334E+05    0.196623664005194571E+00    0.233942246905224582E+01   -0.292578725515593021E+03
    0.519986611797110345E+04    0.156099524305040541E+05    0.178660996577762354E+00    0.230455523981923172E+01   -0.292989375021401031E+03
    0.519986611797110345E+04    0.156099524305040541E+05    0.178660996577762354E+00    0.230455523981923172E+01   -0.292989375021401031E+03
    0.765069050531420908E+04    0.140989593565100349E+05    0.196175142648934320E+00    0.233774866627393507E+01   -0.292694352237173291E+03
    0.765069050531420908E+04    0.140989593565100349E+05    0.196175142648934320E+00    0.233774866627393507E+01   -0.292694352237173291E+03
    0.601546291069497238E+04    0.145362835722694053E+05    0.179842552445853371E+00    0.235676294956241694E+01   -0.292673188949126882E+03
    0.601546291069497238E+04    0.145362835722694053E+05    0.179842552445853371E+00    0.235676294956241694E+01   -0.292673188949126882E+03
    0.103926329819021666E+05    0.119744462280325206E+05    0.217520054529808493E+00    0.242951404667386006E+01   -0.294185528588374780E+03
    0.112407449043274173E+05    0.118247434844964100E+05    0.172711729337223369E+00    0.236988970069393856E+01   -0.293371407058521527E+03
    0.120976509530374369E+05    0.872362763570472998E+04    0.119551233299819898E+00    0.241011787688403611E+01   -0.296671655399796123E+03
    0.470208467139043751E+04    0.145112333326893640E+05    0.109729233052399816E+00    0.224860339951106525E+01   -0.296365853602089999E+03
    0.587067680481383923E+04    0.140316756049429277E+05    0.211179149382759224E+00    0.240139844339677833E+01   -0.293671595754024793E+03
    0.804801889386941912E+04    0.147062372601675779E+05    0.186958685231045335E+00    0.230882282871304456E+01   -0.293642313469769419E+03
    0.102532471310181318E+05    0.112956052823027003E+05    0.164804790053557887E+00    0.240153391981251740E+01   -0.293428169450191831E+03
    0.651257839992696518E+04    0.139934223072755067E+05    0.229545614745413351E+00    0.241779813465543381E+01   -0.294062243945323530E+03
    0.731016778976332444E+04    0.180478405964899139E+05    0.262219668153367114E+00    0.247935331177713714E+01   -0.296383787564037448E+03
    0.933690469477331317E+04    0.196823531580358249E+05    0.138736419259237936E+00    0.241814085472948825E+01   -0.295314929227737196E+03
    0.159887985899726900E+05    0.169423199504221011E+05    0.158703211902856578E+00    0.255649584723583922E+01   -0.294841157415069802E+03
    0.106514657019938859E+05    0.192901613472922945E+05    0.178767508652989432E+00    0.254042342705197921E+01   -0.295095419251066517E+03
    0.891325239079516177E+04    0.203894892127609783E+05    0.192046177510287075E+00    0.254156513441175314E+01   -0.295777023448137072E+03
    0.777889828718209083E+04    0.171968218121002428E+05    0.123299806181813923E+00    0.245098422016608231E+01   -0.295061931031369170E+03
    0.117967977956307168E+05    0.166555350458944522E+05    0.219346771546106600E+00    0.257047272280403583E+01   -0.296225277944894287E+03
    0.143748452799565675E+05    0.164941422362922312E+05    0.227505571629881997E+00    0.246576372513753839E+01   -0.297254762154269258E+03
    0.164442202728160628E+05    0.110379148819371312E+05    0.956561096255542365E-01    0.246883355765640067E+01   -0.296616584258545629E+03
    0.142635001082286562E+05    0.168582449035277896E+05    0.132345184946356692E+00    0.260373250094925135E+01   -0.295419826493852042E+03
    0.102487381888798627E+05    0.156233967510648235E+05    0.153190797412275564E+00    0.242481455646203159E+01   -0.293283250182512063E+03
    0.122994761061810514E+05    0.154878189934661586E+05    0.187766498162129397E+00    0.244620580728973014E+01   -0.294381833884849414E+03
    0.984991063976138867E+04    0.157700222091991127E+05    0.158804371517723836E+00    0.249537755426023367E+01   -0.294024288974761475E+03
    0.156697115139927737E+05    0.164325915863378250E+05    0.126333363374936808E+00    0.256357333423932632E+01   -0.294667217619944154E+03
    0.105373349294257205E+05    0.143866504467098930E+05    0.141636484500322291E+00    0.238041104191458341E+01   -0.293287028764137403E+03
    0.126562289661405339E+05    0.143307915819441896E+05    0.121679898352912250E+00    0.255122676332834120E+01   -0.295908632833065099E+03
    0.970690383428904534E+04    0.138137018955505828E+05    0.165990357454619791E+00    0.241782370125263135E+01   -0.292991082177220903E+03
    0.952813792464395010E+04    0.121488275309965666E+05    0.159840478761642202E+00    0.248882256790837753E+01   -0.295840536488616124E+03
    0.617591421663591700E+04    0.169923157574209654E+05    0.207313747133100107E+00    0.233327738362832093E+01   -0.294237994782707858E+03
    0.580400954174783419E+04    0.150233274534262455E+05    0.128555132913420772E+00    0.239922733983681979E+01   -0.295549661379075587E+03
    0.936910565135829711E+04    0.150145950786132307E+05    0.204984425499950079E+00    0.246746358175668101E+01   -0.294076299323840772E+03
    0.735980615764380764E+04    0.147924886158395511E+05    0.184045977984550274E+00    0.247928975327015788E+01   -0.294785730000917965E+03
    0.963942320938576995E+04    0.157253594930781946E+05    0.166437770035688409E+00    0.241579913031490268E+01   -0.293264354718089805E+03
    0.681737759124431341E+04    0.159366352636478550E+05    0.219868855740216501E+00    0.249813826406419004E+01   -0.295540099087616397E+03
    0.127676220378658654E+05    0.126738695056154338E+05    0.108594994792769350E+00    0.248523911600558112E+01   -0.295559716655503223E+03
    0.134879237582359910E+05    0.163828684810121085E+05    0.184061566648185515E+00    0.251343249827926307E+01   -0.294712683657611194E+03
    0.855901344640890238E+04    0.182366166521832347E+05    0.224835235751234347E+00    0.245522269476464983E+01   -0.295392542177778864E+03
    0.131570243142633426E+05    0.184726966018785934E+05    0.151271123323840462E+00    0.250441226375595649E+01   -0.294646833686801585E+03
    0.930333276038505210E+04    0.179619733523216346E+05    0.216322481129608557E+00    0.246965561366766018E+01   -0.295148311066298447E+03
    0.113635804719320640E+05    0.179823714256181556E+05    0.206614701889746177E+00    0.252577399715491557E+01   -0.295420288036929662E+03
    0.957148305537370106E+04    0.141582610167468283E+05    0.221372241147169635E+00    0.243434066381698733E+01   -0.293971514850939002E+03
    0.114288219367726761E+05    0.121656773023110909E+05    0.207265606914980971E+00    0.246884353410895230E+01   -0.294771479085251826E+03
    0.516456739190503868E+04    0.152909446145141792E+05    0.146989992104177847E+00    0.235616242050955638E+01   -0.294026347002894454E+03
    0.934815893109164972E+04    0.149898596272572158E+05    0.217524351642089775E+00    0.247929037166050481E+01   -0.294560318237637262E+03
    0.132746059312115976E+05    0.149148810709050449E+05    0.162848640212907209E+00    0.256275769919385166E+01   -0.295105957063750679E+03
    0.858797300015247311E+04    0.180525263587962982E+05    0.105279639476421674E+00    0.241649479334183015E+01   -0.295766131306844557E+03
    0.133076925985229864E+05    0.166851658297546128E+05    0.172482476990536066E+00    0.250516264439921077E+01   -0.294452577938321610E+03
    0.803611847424517782E+04    0.156744005169294887E+05    0.188204080036562443E+00    0.240682601961818543E+01   -0.293201717746271470E+03
    0.981783111426655341E+04    0.204174298309105070E+05    0.137300167206235585E+00    0.245592202593612630E+01   -0.295369455642696664E+03
    0.762076106689981316E+04    0.139695239276514076E+05    0.177311294847200096E+00    0.236740930201522026E+01   -0.292507030954215452E+03
    0.762076106689981316E+04    0.139695239276514076E+05    0.177311294847200096E+00    0.236740930201522026E+01   -0.292507030954215452E+03
    0.103446198677756747E+05    0.139937658549416246E+05    0.180793656518599161E+00    0.234103237099346462E+01   -0.294118578997651582E+03
    0.102677042842908595E+05    0.120326870329631020E+05    0.178841899810861210E+00    0.240238634023818243E+01   -0.293186996519796537E+03
    0.907197446946282435E+04    0.144634828794952919E+05    0.214301329541104119E+00    0.237888444599869597E+01   -0.293603305770632517E+03
    0.794561825598178984E+04    0.136555500704016031E+05    0.238445328402906553E+00    0.243636804208094038E+01   -0.294421876617731243E+03
    0.981516449652642768E+04    0.135552546477798423E+05    0.201985150777863720E+00    0.236221592290646853E+01   -0.293493950868913544E+03
    0.974407898384816872E+04    0.128652733503871332E+05    0.261121818769962655E+00    0.245994780833810545E+01   -0.295588294210649394E+03
    0.112798031482878196E+05    0.115140971394654771E+05    0.154028033373072581E+00    0.240809433345841661E+01   -0.293509688513474259E+03
    0.117704009612069349E+05    0.107544101050392983E+05    0.102241419138352177E+00    0.236295848951896037E+01   -0.295074401213542274E+03
    0.117021236268925604E+05    0.174407077713822437E+05    0.170482548913423460E+00    0.249818572217411106E+01   -0.294270758352325572E+03
    0.882232675354037565E+04    0.148896399878228676E+05    0.196319793548400873E+00    0.233184066676919688E+01   -0.294038781711658146E+03
    0.117167586879288301E+05    0.184747999728673130E+05    0.134638993671508306E+00    0.250708181345201542E+01   -0.294371198470379966E+03
    0.118992498920863691E+05    0.127053746409685864E+05    0.196731743017778099E+00    0.241768708768193363E+01   -0.293913747924557867E+03
    0.895036475250443073E+04    0.149904934640807569E+05    0.215450752793026723E+00    0.239775445456928971E+01   -0.293717616130361989E+03
    0.776966885802806883E+04    0.151087008190974539E+05    0.167844169840652147E+00    0.240939309173670058E+01   -0.293030324274912687E+03
    0.102940775293979186E+05    0.113254823564878952E+05    0.157396152101438341E+00    0.241149673812026144E+01   -0.293657602958540167E+03
    0.733736433381741881E+04    0.128947163685956439E+05    0.204485771932884725E+00    0.240877913644866304E+01   -0.293565141881045236E+03
    0.807035888983214500E+04    0.176923441726503333E+05    0.202926350300028535E+00    0.253061679186570343E+01   -0.295418546157900778E+03
    0.123670558112765320E+05    0.111150614511043768E+05    0.225793250127005379E+00    0.235049508686106012E+01   -0.295493744512965293E+03
    0.410348039973459981E+04    0.148847571412934558E+05    0.220788279286466882E+00    0.229625480544138494E+01   -0.292820281099209069E+03
    0.410348039973459981E+04    0.148847571412934558E+05    0.220788279286466882E+00    0.229625480544138494E+01   -0.292820281099209069E+03
    0.483942241768622534E+04    0.136531265957691630E+05    0.230025219688401172E+00    0.234050684258993336E+01   -0.292972263161541946E+03
    0.483942241768622534E+04    0.136531265957691630E+05    0.230025219688401172E+00    0.234050684258993336E+01   -0.292972263161541946E+03
    0.686023918671128195E+04    0.942393135023723698E+04    0.279331852248230872E+00    0.226428400129292084E+01   -0.293054968339709319E+03
    0.410326357470932635E+04    0.103615292240107501E+05    0.315790145456545990E+00    0.225685970040902628E+01   -0.293444942881246448E+03
    0.617426500938108529E+04    0.134125993632281279E+05    0.285198280927604741E+00    0.231873743962766321E+01   -0.293798628799967389E+03
    0.616473468173764923E+04    0.120768065666323619E+05    0.370856077819678887E+00    0.236119833813306546E+01   -0.296408035069049106E+03
    0.237747838643082059E+04    0.133915066345163305E+05    0.203540769389885579E+00    0.215226618432301287E+01   -0.293246766494598546E+03
    0.386357198591199494E+04    0.137393386523281097E+05    0.181938226958129751E+00    0.226510629784583584E+01   -0.292594459429647884E+03
    0.386357198591199494E+04    0.137393386523281097E+05    0.181938226958129751E+00    0.226510629784583584E+01   -0.292594459429647884E+03
    0.466191294538523289E+04    0.123034975618603312E+05    0.238792317454808972E+00    0.227277729448189980E+01   -0.292037057300686456E+03
    0.466191294538523289E+04    0.123034975618603312E+05    0.238792317454808972E+00    0.227277729448189980E+01   -0.292037057300686456E+03
    0.466191294538523289E+04    0.123034975618603312E+05    0.238792317454808972E+00    0.227277729448189980E+01   -0.292037057300686456E+03
    0.563270473842706633E+04    0.122712529790727276E+05    0.210700900677583319E+00    0.218754629288593883E+01   -0.293100906982721426E+03
    0.337632779899814886E+04    0.110383373003934230E+05    0.290913618074569225E+00    0.221115227232682088E+01   -0.292209751805988617E+03
    0.337632779899814886E+04    0.110383373003934230E+05    0.290913618074569225E+00    0.221115227232682088E+01   -0.292209751805988617E+03
    0.337632779899814886E+04    0.110383373003934230E+05    0.290913618074569225E+00    0.221115227232682088E+01   -0.292209751805988617E+03
    0.444596550990972446E+04    0.108968877168144245E+05    0.303680959570778064E+00    0.213106410112249378E+01   -0.293786096127060262E+03
    0.221883816534860807E+04    0.113197599956148588E+05    0.226188166388593237E+00    0.223406508006099358E+01   -0.293943961202982223E+03
    0.197576723812576915E+04    0.135547036761782620E+05    0.198321775591347532E+00    0.212992797031043235E+01   -0.294163789320804028E+03
    0.865856109404571907E+04    0.970622439511318407E+04    0.294569625232625920E+00    0.232322226512676666E+01   -0.294575289208765469E+03
    0.630871161244834911E+04    0.895509972925428337E+04    0.307011395377682572E+00    0.223534697117014813E+01   -0.293209258097466034E+03
    0.379828908501337446E+04    0.131273236213842210E+05    0.352470442926852312E+00    0.226682314804769458E+01   -0.294597408494779472E+03
    0.357154714482528971E+04    0.144204546615364270E+05    0.183585306292844336E+00    0.224169704558143934E+01   -0.292899775085336898E+03
    0.357154714482528971E+04    0.144204546615364270E+05    0.183585306292844336E+00    0.224169704558143934E+01   -0.292899775085336898E+03
    0.690717344513934313E+04    0.128158949804977856E+05    0.195170550630855533E+00    0.237743436794910501E+01   -0.292901594303331535E+03
    0.728711573732919715E+04    0.126211889457747493E+05    0.256875938996555087E+00    0.231467613201525602E+01   -0.293264499017712126E+03
    0.534141984663761286E+04    0.107893230016869547E+05    0.255332480939501338E+00    0.220387386137392749E+01   -0.291983780748898141E+03
    0.534141984663761286E+04    0.107893230016869547E+05    0.255332480939501338E+00    0.220387386137392749E+01   -0.291983780748898141E+03
    0.534141984663761286E+04    0.107893230016869547E+05    0.255332480939501338E+00    0.220387386137392749E+01   -0.291983780748898141E+03
    0.534141984663761286E+04    0.107893230016869547E+05    0.255332480939501338E+00    0.220387386137392749E+01   -0.291983780748898141E+03
    0.738420594390539463E+04    0.148743042796913069E+05    0.213306513445783413E+00    0.229771755566651237E+01   -0.294097125723481099E+03
    0.205349105677758234E+04    0.119198784887165111E+05    0.302415097884211725E+00    0.224459636057437173E+01   -0.294202540149713570E+03
    0.274045609742634815E+04    0.111491864331933375E+05    0.285144053469930936E+00    0.217442977304300067E+01   -0.291972322306906790E+03
    0.274045609742634815E+04    0.111491864331933375E+05    0.285144053469930936E+00    0.217442977304300067E+01   -0.291972322306906790E+03
    0.274045609742634815E+04    0.111491864331933375E+05    0.285144053469930936E+00    0.217442977304300067E+01   -0.291972322306906790E+03
    0.274045609742634815E+04    0.111491864331933375E+05    0.285144053469930936E+00    0.217442977304300067E+01   -0.291972322306906790E+03
    0.361653938561130758E+03    0.114488019821145826E+05    0.260037905444666095E+00    0.216235645691833778E+01   -0.296710966142136840E+03
    0.395648559060113303E+04    0.125905425600941689E+05    0.276833471941845211E+00    0.229981309219403585E+01   -0.293288046032570946E+03
    0.391009427308869772E+04    0.148952624698104082E+05    0.166624426379902268E+00    0.225190148165623549E+01   -0.293356662778528744E+03
    0.473147216857202693E+04    0.143656024986404791E+05    0.173248384021775698E+00    0.230221192569867750E+01   -0.292676084717076208E+03
    0.473147216857202693E+04    0.143656024986404791E+05    0.173248384021775698E+00    0.230221192569867750E+01   -0.292676084717076208E+03
    0.314732168542326190E+04    0.135088671235959064E+05    0.277973354958987895E+00    0.222907092753635805E+01   -0.292928139798229893E+03
    0.314732168542326190E+04    0.135088671235959064E+05    0.277973354958987895E+00    0.222907092753635805E+01   -0.292928139798229893E+03
    0.314197269366280716E+04    0.135048089798719175E+05    0.258350974887627927E+00    0.222353748159292186E+01   -0.292610975667529999E+03
    0.314197269366280716E+04    0.135048089798719175E+05    0.258350974887627927E+00    0.222353748159292186E+01   -0.292610975667529999E+03
    0.408005122745522158E+04    0.116742973742973772E+05    0.359931428240540474E+00    0.221740905421200107E+01   -0.293869234641192634E+03
    0.345827325611924516E+04    0.134383038304566089E+05    0.312084251433380089E+00    0.220899118428393049E+01   -0.293843316504336713E+03
    0.438004798228041363E+04    0.118376822000982411E+05    0.294804666145306205E+00    0.218477907111425518E+01   -0.292987505868363428E+03
    0.438004798228041363E+04    0.118376822000982411E+05    0.294804666145306205E+00    0.218477907111425518E+01   -0.292987505868363428E+03
    0.259049672653553489E+04    0.130658917015038951E+05    0.304311363720360162E+00    0.229498640532562437E+01   -0.294608473407497343E+03
    0.302345840384904432E+04    0.162064981002538752E+05    0.234281418869852515E+00    0.224912758802412682E+01   -0.294174706677105235E+03
    0.383627473732506860E+04    0.883907355204150736E+04    0.325349703894906583E+00    0.221711919965041293E+01   -0.293564345870787463E+03
    0.403520187893734192E+04    0.126504523128439123E+05    0.238834946727790071E+00    0.214979615498551757E+01   -0.293350864866972358E+03
    0.248792029246736593E+04    0.114713822147326973E+05    0.263955465323774507E+00    0.213361730951752815E+01   -0.291904183009523820E+03
    0.248792029246736593E+04    0.114713822147326973E+05    0.263955465323774507E+00    0.213361730951752815E+01   -0.291904183009523820E+03
    0.248792029246736593E+04    0.114713822147326973E+05    0.263955465323774507E+00    0.213361730951752815E+01   -0.291904183009523820E+03
    0.735197408071824884E+04    0.111408904442787862E+05    0.234873496675783611E+00    0.226816355873223952E+01   -0.292611932627134649E+03
    0.120479207022573860E+04    0.135464596455458523E+05    0.346576586005386655E+00    0.213660185149331916E+01   -0.295177915040204937E+03
    0.187262703414685893E+04    0.124098955040957098E+05    0.217358383013042028E+00    0.213148168777659697E+01   -0.292999468331576338E+03
    0.498559747169937873E+04    0.105981849717601035E+05    0.238538683451407107E+00    0.229629045208134652E+01   -0.292880869383801667E+03
    0.516956993071868510E+04    0.125631171772407906E+05    0.262617055964926960E+00    0.225949293609904478E+01   -0.292508309671936956E+03
    0.516956993071868510E+04    0.125631171772407906E+05    0.262617055964926960E+00    0.225949293609904478E+01   -0.292508309671936956E+03
    0.482579737714274142E+04    0.122189138246309340E+05    0.308778355751059330E+00    0.223758850008766075E+01   -0.293282250427093516E+03
    0.266615754357437891E+04    0.107109016661555142E+05    0.323554059706742225E+00    0.216905491306538822E+01   -0.292458338485833963E+03
    0.266615754357437891E+04    0.107109016661555142E+05    0.323554059706742225E+00    0.216905491306538822E+01   -0.292458338485833963E+03
    0.266615754357437891E+04    0.107109016661555142E+05    0.323554059706742225E+00    0.216905491306538822E+01   -0.292458338485833963E+03
    0.369245207376977532E+04    0.138807538818473040E+05    0.272362707383310920E+00    0.218868225342997125E+01   -0.293970333609391901E+03
    0.390449975798795913E+04    0.109749536045460954E+05    0.301938526149344355E+00    0.223656767781367183E+01   -0.292630665399611416E+03
    0.530986682701616246E+04    0.130888192253128582E+05    0.171392571479265093E+00    0.236015439420345352E+01   -0.293557479449855407E+03
    0.489417188983538745E+04    0.143909368364652364E+05    0.222689003951041659E+00    0.236874085554864955E+01   -0.293405152714237431E+03
    0.599504167326784955E+04    0.115955689785796512E+05    0.215523533976092307E+00    0.227727694183391716E+01   -0.291778728895988650E+03
    0.599504167326784955E+04    0.115955689785796512E+05    0.215523533976092307E+00    0.227727694183391716E+01   -0.291778728895988650E+03
    0.599504167326784955E+04    0.115955689785796512E+05    0.215523533976092307E+00    0.227727694183391716E+01   -0.291778728895988650E+03
    0.599504167326784955E+04    0.115955689785796512E+05    0.215523533976092307E+00    0.227727694183391716E+01   -0.291778728895988650E+03
    0.599504167326784955E+04    0.115955689785796512E+05    0.215523533976092307E+00    0.227727694183391716E+01   -0.291778728895988650E+03
    0.918110934698141136E+04    0.108087458687782528E+05    0.240126948641089383E+00    0.233177418615262155E+01   -0.293525484133868133E+03
    0.501049238500027877E+04    0.137648261135794146E+05    0.219761377466314162E+00    0.228074737635087610E+01   -0.292274796543888442E+03
    0.501049238500027877E+04    0.137648261135794146E+05    0.219761377466314162E+00    0.228074737635087610E+01   -0.292274796543888442E+03
    0.501049238500027877E+04    0.137648261135794146E+05    0.219761377466314162E+00    0.228074737635087610E+01   -0.292274796543888442E+03
    0.769843004128504526E+04    0.957836434220085903E+04    0.283331187512682381E+00    0.230631973973760740E+01   -0.293859208302335674E+03
    0.116333074579465101E+05    0.111670263937337149E+05    0.229250370111959645E+00    0.238430488000315410E+01   -0.294567381142626402E+03
    0.621797492447115383E+04    0.116123535315224872E+05    0.251985294950835770E+00    0.244340506627860066E+01   -0.297157389885496912E+03
    0.338697822747728515E+04    0.142003285584261139E+05    0.312717122241849277E+00    0.229334801595002968E+01   -0.294345092193165897E+03
    0.135795576089700853E+04    0.149103133730872123E+05    0.226570305638220226E+00    0.233613915798430494E+01   -0.296423652056914023E+03
    0.687930596878201868E+04    0.144530888926546650E+05    0.178396685679116956E+00    0.227623233845778916E+01   -0.293224678554037098E+03
    0.130864615020629117E+04    0.116834681971951704E+05    0.289236247726716633E+00    0.214414652836595998E+01   -0.293179762892779934E+03
    0.454169096648877439E+04    0.942405326239547503E+04    0.332631646456616858E+00    0.217201542709994833E+01   -0.292559351900940840E+03
    0.454169096648877439E+04    0.942405326239547503E+04    0.332631646456616858E+00    0.217201542709994833E+01   -0.292559351900940840E+03
    0.356798967734057214E+04    0.120092331319171262E+05    0.326243290436575462E+00    0.223996320465848964E+01   -0.293320022610226033E+03
    0.155162215501709943E+05    0.154223567154227349E+05    0.166719568099129606E+00    0.249341863151201615E+01   -0.294822698008769066E+03
    0.241634857693099657E+05    0.236663584423458960E+05    0.121642449617615861E+00    0.271929256726310831E+01   -0.296872780130790943E+03
    0.181798683578137316E+05    0.224514495974593447E+05    0.946144795726623494E-01    0.257178061556139692E+01   -0.297171458001688052E+03
    0.226290833577245867E+05    0.205578955908864737E+05    0.121976970325926734E+00    0.262458730086307401E+01   -0.296368856081084346E+03
    0.273234005849153909E+05    0.206777305389204776E+05    0.109003220829544889E+00    0.270954362537836380E+01   -0.296451314740950693E+03
    0.272034810383138392E+05    0.180082384866828215E+05    0.153991612195878064E+00    0.267049656054112949E+01   -0.297356595188728420E+03
    0.148727790605695936E+05    0.192774157297845231E+05    0.157561276982229326E+00    0.256640617615305411E+01   -0.295195657216632469E+03
    0.177771993368260664E+05    0.150922456161032242E+05    0.103674667208396035E+00    0.254277879516279803E+01   -0.295314330242745143E+03
    0.800471138097629682E+04    0.104403015741038216E+05    0.202163123099693115E+00    0.228726159583466337E+01   -0.292333829307448525E+03
    0.800471138097629682E+04    0.104403015741038216E+05    0.202163123099693115E+00    0.228726159583466337E+01   -0.292333829307448525E+03
    0.800471138097629682E+04    0.104403015741038216E+05    0.202163123099693115E+00    0.228726159583466337E+01   -0.292333829307448525E+03
    0.211203709311719285E+04    0.102500248725310721E+05    0.229939722332805713E+00    0.213547906795428766E+01   -0.292219918745461541E+03
    0.211203709311719285E+04    0.102500248725310721E+05    0.229939722332805713E+00    0.213547906795428766E+01   -0.292219918745461541E+03
    0.211203709311719285E+04    0.102500248725310721E+05    0.229939722332805713E+00    0.213547906795428766E+01   -0.292219918745461541E+03
    0.566307072348194197E+04    0.711916598212888766E+04    0.165763292555622138E+00    0.220220899646796830E+01   -0.293689412879263443E+03
    0.378723902955158428E+04    0.948653421673508456E+04    0.180805283644798226E+00    0.218048993782196199E+01   -0.292103326681315991E+03
    0.378723902955158428E+04    0.948653421673508456E+04    0.180805283644798226E+00    0.218048993782196199E+01   -0.292103326681315991E+03
    0.378723902955158428E+04    0.948653421673508456E+04    0.180805283644798226E+00    0.218048993782196199E+01   -0.292103326681315991E+03
    0.404415853750737870E+04    0.111301516883109653E+05    0.142885541004196731E+00    0.217140194438971523E+01   -0.293082266764777671E+03
    0.848714383693700256E+04    0.120720077245787106E+05    0.147773349194510989E+00    0.231297949846209239E+01   -0.292499913914085766E+03
    0.848714383693700256E+04    0.120720077245787106E+05    0.147773349194510989E+00    0.231297949846209239E+01   -0.292499913914085766E+03
    0.437753349034398070E+04    0.960747745330863654E+04    0.223429570308104175E+00    0.225226968734155886E+01   -0.292706495064048624E+03
    0.437753349034398070E+04    0.960747745330863654E+04    0.223429570308104175E+00    0.225226968734155886E+01   -0.292706495064048624E+03
    0.391931182587056583E+04    0.115433342425135452E+05    0.174002668380750292E+00    0.216333102703759828E+01   -0.292011017890410244E+03
    0.391931182587056583E+04    0.115433342425135452E+05    0.174002668380750292E+00    0.216333102703759828E+01   -0.292011017890410244E+03
    0.391931182587056583E+04    0.115433342425135452E+05    0.174002668380750292E+00    0.216333102703759828E+01   -0.292011017890410244E+03
    0.348699309098147614E+04    0.758941308354241119E+04    0.186003708776759258E+00    0.206673815762522484E+01   -0.291711129954946557E+03
    0.348699309098147614E+04    0.758941308354241119E+04    0.186003708776759258E+00    0.206673815762522484E+01   -0.291711129954946557E+03
    0.348699309098147614E+04    0.758941308354241119E+04    0.186003708776759258E+00    0.206673815762522484E+01   -0.291711129954946557E+03
    0.348699309098147614E+04    0.758941308354241119E+04    0.186003708776759258E+00    0.206673815762522484E+01   -0.291711129954946557E+03
    0.596760141869681229E+04    0.844168412167461429E+04    0.275708945384155191E+00    0.223050771651669422E+01   -0.292736049011644184E+03
    0.596760141869681229E+04    0.844168412167461429E+04    0.275708945384155191E+00    0.223050771651669422E+01   -0.292736049011644184E+03
    0.882647168286130363E+04    0.824860604274235629E+04    0.163496049990866310E+00    0.228425600704072007E+01   -0.293593376849864001E+03
    0.794241529341078331E+04    0.110974863083449382E+05    0.108955199020762658E+00    0.222656474857171727E+01   -0.294555038660836374E+03
    0.679078316157019526E+04    0.937580750546354102E+04    0.163126227985035649E+00    0.232500818458164016E+01   -0.294136547576568319E+03
    0.511038752657642999E+04    0.901144139565191472E+04    0.242297452071630948E+00    0.221146559729409597E+01   -0.291714724932366266E+03
    0.511038752657642999E+04    0.901144139565191472E+04    0.242297452071630948E+00    0.221146559729409597E+01   -0.291714724932366266E+03
    0.511038752657642999E+04    0.901144139565191472E+04    0.242297452071630948E+00    0.221146559729409597E+01   -0.291714724932366266E+03
    0.511038752657642999E+04    0.901144139565191472E+04    0.242297452071630948E+00    0.221146559729409597E+01   -0.291714724932366266E+03
    0.928933944523636092E+04    0.877851149757766507E+04    0.152047342810119668E+00    0.223298159009531272E+01   -0.294117089239900622E+03
    0.422072920061928562E+04    0.107787511797618736E+05    0.257348893785477706E+00    0.211344725484232576E+01   -0.292969875579412019E+03
    0.847131572298175342E+04    0.847327676443113342E+04    0.270939878829173142E+00    0.236678236113565399E+01   -0.296260004564315466E+03
    0.648188218685656011E+04    0.105771698519364982E+05    0.187621502336078522E+00    0.222929988295153692E+01   -0.291720914185418621E+03
    0.648188218685656011E+04    0.105771698519364982E+05    0.187621502336078522E+00    0.222929988295153692E+01   -0.291720914185418621E+03
    0.648188218685656011E+04    0.105771698519364982E+05    0.187621502336078522E+00    0.222929988295153692E+01   -0.291720914185418621E+03
    0.648188218685656011E+04    0.105771698519364982E+05    0.187621502336078522E+00    0.222929988295153692E+01   -0.291720914185418621E+03
    0.749988175027136458E+04    0.821293985122741833E+04    0.242248841576519908E+00    0.227048142034428535E+01   -0.293376659207081730E+03
    0.813006785051578299E+04    0.107684197147095147E+05    0.156906563385340037E+00    0.227962424761122406E+01   -0.292355688624374409E+03
    0.813006785051578299E+04    0.107684197147095147E+05    0.156906563385340037E+00    0.227962424761122406E+01   -0.292355688624374409E+03
    0.248942608544600762E+04    0.108374493390635762E+05    0.203737612407981966E+00    0.212617088561464573E+01   -0.292050890885664387E+03
    0.248942608544600762E+04    0.108374493390635762E+05    0.203737612407981966E+00    0.212617088561464573E+01   -0.292050890885664387E+03
    0.248942608544600762E+04    0.108374493390635762E+05    0.203737612407981966E+00    0.212617088561464573E+01   -0.292050890885664387E+03
    0.248942608544600762E+04    0.108374493390635762E+05    0.203737612407981966E+00    0.212617088561464573E+01   -0.292050890885664387E+03
    0.624217709557018134E+04    0.641576815147985053E+04    0.227397782951628630E+00    0.214892423933751431E+01   -0.293211290065661103E+03
    0.160224532372993576E+04    0.908820780636952622E+04    0.209568901198652541E+00    0.205108424598684058E+01   -0.293275551633556120E+03
    0.386985419216511491E+04    0.944270557490279680E+04    0.286988090750723068E+00    0.213954879716927593E+01   -0.291479646854620341E+03
    0.386985419216511491E+04    0.944270557490279680E+04    0.286988090750723068E+00    0.213954879716927593E+01   -0.291479646854620341E+03
    0.386985419216511491E+04    0.944270557490279680E+04    0.286988090750723068E+00    0.213954879716927593E+01   -0.291479646854620341E+03
    0.386985419216511491E+04    0.944270557490279680E+04    0.286988090750723068E+00    0.213954879716927593E+01   -0.291479646854620341E+03
    0.386985419216511491E+04    0.944270557490279680E+04    0.286988090750723068E+00    0.213954879716927593E+01   -0.291479646854620341E+03
    0.386985419216511491E+04    0.944270557490279680E+04    0.286988090750723068E+00    0.213954879716927593E+01   -0.291479646854620341E+03
    0.637929781774004732E+04    0.106181833535349851E+05    0.105262043496561458E+00    0.221294766047316038E+01   -0.294562569091346063E+03
    0.645320318492379556E+04    0.118264570736179994E+05    0.159155063264306007E+00    0.232664222131487186E+01   -0.292661935134639407E+03
    0.645320318492379556E+04    0.118264570736179994E+05    0.159155063264306007E+00    0.232664222131487186E+01   -0.292661935134639407E+03
    0.717489787720139429E+04    0.976855189010461436E+04    0.224381483033208484E+00    0.220227865032122327E+01   -0.292957202304444650E+03
    0.717489787720139429E+04    0.976855189010461436E+04    0.224381483033208484E+00    0.220227865032122327E+01   -0.292957202304444650E+03
    0.721633709449544040E+04    0.120626784118408123E+05    0.160133509605396129E+00    0.226269701801912637E+01   -0.292253662496375000E+03
    0.721633709449544040E+04    0.120626784118408123E+05    0.160133509605396129E+00    0.226269701801912637E+01   -0.292253662496375000E+03
    0.342232915167691226E+04    0.713182088781773564E+04    0.199216824492095296E+00    0.205249106587468821E+01   -0.291601070741859189E+03
    0.342232915167691226E+04    0.713182088781773564E+04    0.199216824492095296E+00    0.205249106587468821E+01   -0.291601070741859189E+03
    0.342232915167691226E+04    0.713182088781773564E+04    0.199216824492095296E+00    0.205249106587468821E+01   -0.291601070741859189E+03
    0.342232915167691226E+04    0.713182088781773564E+04    0.199216824492095296E+00    0.205249106587468821E+01   -0.291601070741859189E+03
    0.342232915167691226E+04    0.713182088781773564E+04    0.199216824492095296E+00    0.205249106587468821E+01   -0.291601070741859189E+03
    0.493873110613172048E+04    0.105473305337205929E+05    0.207427570930444338E+00    0.222678716616110606E+01   -0.291362680783751614E+03
    0.493873110613172048E+04    0.105473305337205929E+05    0.207427570930444338E+00    0.222678716616110606E+01   -0.291362680783751614E+03
    0.493873110613172048E+04    0.105473305337205929E+05    0.207427570930444338E+00    0.222678716616110606E+01   -0.291362680783751614E+03
    0.493873110613172048E+04    0.105473305337205929E+05    0.207427570930444338E+00    0.222678716616110606E+01   -0.291362680783751614E+03
    0.493873110613172048E+04    0.105473305337205929E+05    0.207427570930444338E+00    0.222678716616110606E+01   -0.291362680783751614E+03
    0.493873110613172048E+04    0.105473305337205929E+05    0.207427570930444338E+00    0.222678716616110606E+01   -0.291362680783751614E+03
    0.493873110613172048E+04    0.105473305337205929E+05    0.207427570930444338E+00    0.222678716616110606E+01   -0.291362680783751614E+03
    0.784000921660932454E+04    0.102519647764500551E+05    0.252471979903352017E+00    0.223785919506349673E+01   -0.293626278256626222E+03
    0.324311218436196759E+04    0.950671461831144006E+04    0.177429978534303812E+00    0.206421678898409899E+01   -0.292286794774379871E+03
    0.324311218436196759E+04    0.950671461831144006E+04    0.177429978534303812E+00    0.206421678898409899E+01   -0.292286794774379871E+03
    0.648045087092899030E+04    0.101507534284594785E+05    0.208933023281499763E+00    0.225944527918488491E+01   -0.291783296784124957E+03
    0.648045087092899030E+04    0.101507534284594785E+05    0.208933023281499763E+00    0.225944527918488491E+01   -0.291783296784124957E+03
    0.648045087092899030E+04    0.101507534284594785E+05    0.208933023281499763E+00    0.225944527918488491E+01   -0.291783296784124957E+03
    0.648045087092899030E+04    0.101507534284594785E+05    0.208933023281499763E+00    0.225944527918488491E+01   -0.291783296784124957E+03
    0.276262305511564227E+04    0.927214858964707673E+04    0.215928703959693852E+00    0.206005420216575352E+01   -0.291468808586684474E+03
    0.276262305511564227E+04    0.927214858964707673E+04    0.215928703959693852E+00    0.206005420216575352E+01   -0.291468808586684474E+03
    0.276262305511564227E+04    0.927214858964707673E+04    0.215928703959693852E+00    0.206005420216575352E+01   -0.291468808586684474E+03
    0.276262305511564227E+04    0.927214858964707673E+04    0.215928703959693852E+00    0.206005420216575352E+01   -0.291468808586684474E+03
    0.276262305511564227E+04    0.927214858964707673E+04    0.215928703959693852E+00    0.206005420216575352E+01   -0.291468808586684474E+03
    0.276262305511564227E+04    0.927214858964707673E+04    0.215928703959693852E+00    0.206005420216575352E+01   -0.291468808586684474E+03
    0.143650616932802768E+04    0.929944188584673793E+04    0.202695290589854138E+00    0.194498583417608328E+01   -0.295360283391255678E+03
    0.235387968937960886E+04    0.100891011754748342E+05    0.232920912934396152E+00    0.200172166462305245E+01   -0.293747581496848284E+03
    0.955157008375412988E+04    0.903217750588632225E+04    0.177521179446650412E+00    0.229556423280841937E+01   -0.293348935332869928E+03
    0.315707196692994194E+04    0.865179581220305408E+04    0.202438553017079081E+00    0.205127387215854462E+01   -0.291539462723185636E+03
    0.315707196692994194E+04    0.865179581220305408E+04    0.202438553017079081E+00    0.205127387215854462E+01   -0.291539462723185636E+03
    0.315707196692994194E+04    0.865179581220305408E+04    0.202438553017079081E+00    0.205127387215854462E+01   -0.291539462723185636E+03
    0.315707196692994194E+04    0.865179581220305408E+04    0.202438553017079081E+00    0.205127387215854462E+01   -0.291539462723185636E+03
    0.315707196692994194E+04    0.865179581220305408E+04    0.202438553017079081E+00    0.205127387215854462E+01   -0.291539462723185636E+03
    0.354363612233016966E+04    0.100161571909702598E+05    0.228506289766454401E+00    0.204953118805520518E+01   -0.293235120280692968E+03
    0.276491658384942275E+04    0.927397862631766293E+04    0.158870555432591626E+00    0.213234408375268636E+01   -0.294086673428157951E+03
    0.683336289353171924E+04    0.105090269432613622E+05    0.233049562561330720E+00    0.226899455956033513E+01   -0.292158904095456137E+03
    0.683336289353171924E+04    0.105090269432613622E+05    0.233049562561330720E+00    0.226899455956033513E+01   -0.292158904095456137E+03
    0.683336289353171924E+04    0.105090269432613622E+05    0.233049562561330720E+00    0.226899455956033513E+01   -0.292158904095456137E+03
    0.214274805328684761E+04    0.822093378706606018E+04    0.267240360975958102E+00    0.218810209670514144E+01   -0.296042551360608570E+03
    0.924759624219792749E+04    0.711670417200943666E+04    0.222373055663505931E+00    0.223308258220208344E+01   -0.294915035798828171E+03
    0.262066306477631588E+04    0.105435350147461340E+05    0.286949518542359783E+00    0.204433672986500792E+01   -0.293403450949797048E+03
    0.420394296084440248E+04    0.699683394397858774E+04    0.217892331078837903E+00    0.203334299705497790E+01   -0.292315453881503629E+03
    0.420394296084440248E+04    0.699683394397858774E+04    0.217892331078837903E+00    0.203334299705497790E+01   -0.292315453881503629E+03
    0.869781856476311623E+04    0.990353164408789416E+04    0.131107300906137703E+00    0.227761542191328337E+01   -0.293263173952747763E+03
    0.793588284010719326E+04    0.109469173220915054E+05    0.175837727957181805E+00    0.224571852375596270E+01   -0.292664072663364777E+03
    0.550597553962880556E+04    0.133891832141023224E+05    0.134183972491574155E+00    0.214982067740702965E+01   -0.296106018793580176E+03
    0.483620170710777074E+04    0.764517680432987891E+04    0.120218476059088114E+00    0.209414118172563501E+01   -0.294346507163291733E+03
    0.738462638573921959E+04    0.103238682796359462E+05    0.239004657669659559E+00    0.228037979249291300E+01   -0.292532643238383173E+03
    0.738462638573921959E+04    0.103238682796359462E+05    0.239004657669659559E+00    0.228037979249291300E+01   -0.292532643238383173E+03
    0.617815294764597456E+04    0.112815828755858292E+05    0.175308455587987827E+00    0.230376405684306862E+01   -0.292206639904163183E+03
    0.617815294764597456E+04    0.112815828755858292E+05    0.175308455587987827E+00    0.230376405684306862E+01   -0.292206639904163183E+03
    0.617815294764597456E+04    0.112815828755858292E+05    0.175308455587987827E+00    0.230376405684306862E+01   -0.292206639904163183E+03
    0.564321036818402717E+04    0.103909465619889506E+05    0.199956063061959982E+00    0.226393923056864033E+01   -0.291784645964202809E+03
    0.564321036818402717E+04    0.103909465619889506E+05    0.199956063061959982E+00    0.226393923056864033E+01   -0.291784645964202809E+03
    0.564321036818402717E+04    0.103909465619889506E+05    0.199956063061959982E+00    0.226393923056864033E+01   -0.291784645964202809E+03
    0.564321036818402717E+04    0.103909465619889506E+05    0.199956063061959982E+00    0.226393923056864033E+01   -0.291784645964202809E+03
    0.521555163121352598E+04    0.707042246665827224E+04    0.198867762811290288E+00    0.219585748861634666E+01   -0.293255383854949343E+03
    0.616909092423586117E+04    0.113016886714779521E+05    0.169720086762673555E+00    0.233160882649883661E+01   -0.292987666247097650E+03
    0.278791517103558317E+04    0.697868886312585619E+04    0.160454204182498394E+00    0.202024514343908290E+01   -0.293495920686120314E+03
    0.468142847437106411E+04    0.996285513937450742E+04    0.149192746381446778E+00    0.209583701874869721E+01   -0.293437737838286012E+03
    0.522003801304790977E+04    0.907232155590634102E+04    0.254930561247583454E+00    0.229100034304924760E+01   -0.294048991311158034E+03
    0.756708201285801715E+04    0.570486958493089514E+04    0.195431756812424196E+00    0.215379997707650261E+01   -0.295205397688953383E+03
    0.561141967340972496E+04    0.626411422188959386E+04    0.190034244779768435E+00    0.212132998769867331E+01   -0.293020173414801036E+03
    0.600568224782696143E+04    0.989243736656988767E+04    0.206181417536254380E+00    0.228268376307890275E+01   -0.292308486540324054E+03
    0.600568224782696143E+04    0.989243736656988767E+04    0.206181417536254380E+00    0.228268376307890275E+01   -0.292308486540324054E+03
    0.600568224782696143E+04    0.989243736656988767E+04    0.206181417536254380E+00    0.228268376307890275E+01   -0.292308486540324054E+03
    0.160263901068517589E+04    0.109763175708770614E+05    0.203207080241893101E+00    0.202338454686097302E+01   -0.294444977557573338E+03
    0.342614915481484422E+04    0.113289816601732928E+05    0.239419228323228456E+00    0.213797869974218546E+01   -0.291741179480529979E+03
    0.342614915481484422E+04    0.113289816601732928E+05    0.239419228323228456E+00    0.213797869974218546E+01   -0.291741179480529979E+03
    0.342614915481484422E+04    0.113289816601732928E+05    0.239419228323228456E+00    0.213797869974218546E+01   -0.291741179480529979E+03
    0.342614915481484422E+04    0.113289816601732928E+05    0.239419228323228456E+00    0.213797869974218546E+01   -0.291741179480529979E+03
    0.270391369320716058E+04    0.906439611253218209E+04    0.234543382438763826E+00    0.211562402016863649E+01   -0.291389036121038771E+03
    0.270391369320716058E+04    0.906439611253218209E+04    0.234543382438763826E+00    0.211562402016863649E+01   -0.291389036121038771E+03
    0.270391369320716058E+04    0.906439611253218209E+04    0.234543382438763826E+00    0.211562402016863649E+01   -0.291389036121038771E+03
    0.270391369320716058E+04    0.906439611253218209E+04    0.234543382438763826E+00    0.211562402016863649E+01   -0.291389036121038771E+03
    0.270391369320716058E+04    0.906439611253218209E+04    0.234543382438763826E+00    0.211562402016863649E+01   -0.291389036121038771E+03
    0.270391369320716058E+04    0.906439611253218209E+04    0.234543382438763826E+00    0.211562402016863649E+01   -0.291389036121038771E+03
    0.326719361165609735E+04    0.924469495013496271E+04    0.168661868651612173E+00    0.206025358863599672E+01   -0.292499532054273402E+03
    0.326719361165609735E+04    0.924469495013496271E+04    0.168661868651612173E+00    0.206025358863599672E+01   -0.292499532054273402E+03
    0.326719361165609735E+04    0.924469495013496271E+04    0.168661868651612173E+00    0.206025358863599672E+01   -0.292499532054273402E+03
    0.389911323186224899E+04    0.807706077877477492E+04    0.224082265738966058E+00    0.204173887060976966E+01   -0.292067716921572867E+03
    0.389911323186224899E+04    0.807706077877477492E+04    0.224082265738966058E+00    0.204173887060976966E+01   -0.292067716921572867E+03
    0.389911323186224899E+04    0.807706077877477492E+04    0.224082265738966058E+00    0.204173887060976966E+01   -0.292067716921572867E+03
    0.608889073146262126E+04    0.910728340614919216E+04    0.226585809391061710E+00    0.217317397406377255E+01   -0.292088828531895274E+03
    0.608889073146262126E+04    0.910728340614919216E+04    0.226585809391061710E+00    0.217317397406377255E+01   -0.292088828531895274E+03
    0.608889073146262126E+04    0.910728340614919216E+04    0.226585809391061710E+00    0.217317397406377255E+01   -0.292088828531895274E+03
    0.752207593767301114E+04    0.880983387719563325E+04    0.214417528073360758E+00    0.223240663599868672E+01   -0.292560301448023779E+03
    0.752207593767301114E+04    0.880983387719563325E+04    0.214417528073360758E+00    0.223240663599868672E+01   -0.292560301448023779E+03
    0.768814156312794876E+04    0.896290714591762480E+04    0.210562549535162541E+00    0.228625942630014745E+01   -0.292812566392162523E+03
    0.768814156312794876E+04    0.896290714591762480E+04    0.210562549535162541E+00    0.228625942630014745E+01   -0.292812566392162523E+03
    0.661648945284238562E+04    0.111974401209769076E+05    0.180730774051901300E+00    0.233468765403503919E+01   -0.292699058486288834E+03
    0.828205354214651015E+04    0.109575876360750644E+05    0.169658274800573272E+00    0.241577412067187858E+01   -0.294715664297027331E+03
    0.454578360883686764E+04    0.126483469301639543E+05    0.157198060926768080E+00    0.220265709654757913E+01   -0.292567604283854848E+03
    0.454578360883686764E+04    0.126483469301639543E+05    0.157198060926768080E+00    0.220265709654757913E+01   -0.292567604283854848E+03
    0.897579039166949951E+04    0.809874376987174855E+04    0.223932317040124396E+00    0.226427780598534056E+01   -0.293869902675765672E+03
    0.630698845015984807E+04    0.698628493652747966E+04    0.287781590738925563E+00    0.216233946134604693E+01   -0.293423286288971099E+03
    0.552150701756741637E+04    0.105276005476689606E+05    0.195238742964944367E+00    0.228125151468385390E+01   -0.292158058105762620E+03
    0.552150701756741637E+04    0.105276005476689606E+05    0.195238742964944367E+00    0.228125151468385390E+01   -0.292158058105762620E+03
    0.552150701756741637E+04    0.105276005476689606E+05    0.195238742964944367E+00    0.228125151468385390E+01   -0.292158058105762620E+03
    0.338118533491434891E+04    0.773688641692862075E+04    0.185019671098592575E+00    0.215346800426569374E+01   -0.293574640956449457E+03
    0.713008915587475076E+04    0.116487124241153851E+05    0.176831040611716755E+00    0.220423628322047005E+01   -0.293479961541611488E+03
    0.682661859035459383E+04    0.844769985771186657E+04    0.177291435048534951E+00    0.222978163156689702E+01   -0.292349477386227022E+03
    0.682661859035459383E+04    0.844769985771186657E+04    0.177291435048534951E+00    0.222978163156689702E+01   -0.292349477386227022E+03
    0.709136084619125177E+04    0.694001797081948644E+04    0.250609929490405448E+00    0.218072520920211410E+01   -0.293635792919524476E+03
    0.605729612351281594E+04    0.606145755296136485E+04    0.288834288732914557E+00    0.211386581443249089E+01   -0.294120208385707031E+03
    0.166446824756535761E+04    0.932809047871497023E+04    0.298806819086906206E+00    0.210553721775959168E+01   -0.292528731158619848E+03
    0.166446824756535761E+04    0.932809047871497023E+04    0.298806819086906206E+00    0.210553721775959168E+01   -0.292528731158619848E+03
    0.572764425184748416E+04    0.442362649612429868E+04    0.278932220171772771E+00    0.215309211744508300E+01   -0.297167270621146997E+03
    0.450415376520253903E+04    0.594519310001292342E+04    0.272061881677938655E+00    0.202682636826361273E+01   -0.293245134305660713E+03
    0.904120691129141392E+03    0.863626326834654719E+04    0.273279292037141186E+00    0.203170159635442715E+01   -0.293905193706651119E+03
    0.408047850078670353E+04    0.579072106090715715E+04    0.283705178903536193E+00    0.211317564085052734E+01   -0.293460642031803388E+03
    0.178584108838717634E+04    0.597347794654574955E+04    0.246872416028025371E+00    0.197436607535568132E+01   -0.293059382930091033E+03
    0.178584108838717634E+04    0.597347794654574955E+04    0.246872416028025371E+00    0.197436607535568132E+01   -0.293059382930091033E+03
    0.157285877227877768E+04    0.531479813993463722E+04    0.211432828342905527E+00    0.196981931601031679E+01   -0.296538380811133777E+03
    0.153625902918996417E+04    0.739346589085027790E+04    0.247029456427210414E+00    0.192360623133869901E+01   -0.292824327159556333E+03
    0.153625902918996417E+04    0.739346589085027790E+04    0.247029456427210414E+00    0.192360623133869901E+01   -0.292824327159556333E+03
    0.145091418936614059E+04    0.525300010354696042E+04    0.177794497234359444E+00    0.181404538949005278E+01   -0.297219057187390149E+03
    0.143937558376358720E+04    0.638101916462209101E+04    0.193570092364597962E+00    0.188069394908860588E+01   -0.295244832844240989E+03
    0.287158125790924578E+04    0.626148772552684932E+04    0.221483309041100723E+00    0.198569722881440391E+01   -0.291829061826492989E+03
    0.287158125790924578E+04    0.626148772552684932E+04    0.221483309041100723E+00    0.198569722881440391E+01   -0.291829061826492989E+03
    0.287158125790924578E+04    0.626148772552684932E+04    0.221483309041100723E+00    0.198569722881440391E+01   -0.291829061826492989E+03
    0.287158125790924578E+04    0.626148772552684932E+04    0.221483309041100723E+00    0.198569722881440391E+01   -0.291829061826492989E+03
    0.338084193314655704E+04    0.460732910027745766E+04    0.248238493113991127E+00    0.199944363657265445E+01   -0.293540724886407020E+03
    0.100205686283512823E+05    0.987771331608601031E+04    0.214888012796586841E+00    0.236395434946041583E+01   -0.293902072699479277E+03
    0.218802778258732633E+04    0.987083444092857644E+04    0.286280642947045250E+00    0.212083145086760450E+01   -0.291768421644760508E+03
    0.218802778258732633E+04    0.987083444092857644E+04    0.286280642947045250E+00    0.212083145086760450E+01   -0.291768421644760508E+03
    0.218802778258732633E+04    0.987083444092857644E+04    0.286280642947045250E+00    0.212083145086760450E+01   -0.291768421644760508E+03
    0.218802778258732633E+04    0.987083444092857644E+04    0.286280642947045250E+00    0.212083145086760450E+01   -0.291768421644760508E+03
    0.480773536478567439E+04    0.788702387526599159E+04    0.217071074000995151E+00    0.206600793618262824E+01   -0.292672105558704459E+03
    0.480773536478567439E+04    0.788702387526599159E+04    0.217071074000995151E+00    0.206600793618262824E+01   -0.292672105558704459E+03
    0.448262791215812285E+04    0.876105676598021455E+04    0.285861249531403960E+00    0.207865258228452365E+01   -0.293070879502586763E+03
    0.448262791215812285E+04    0.876105676598021455E+04    0.285861249531403960E+00    0.207865258228452365E+01   -0.293070879502586763E+03
    0.260748871314806820E+04    0.848956451849446057E+04    0.222556226933543183E+00    0.212329699539089622E+01   -0.292253850254355086E+03
    0.260748871314806820E+04    0.848956451849446057E+04    0.222556226933543183E+00    0.212329699539089622E+01   -0.292253850254355086E+03
    0.260748871314806820E+04    0.848956451849446057E+04    0.222556226933543183E+00    0.212329699539089622E+01   -0.292253850254355086E+03
    0.212657486169494132E+04    0.102895411732714456E+05    0.293423647191769665E+00    0.205125532085353424E+01   -0.292388476255277681E+03
    0.212657486169494132E+04    0.102895411732714456E+05    0.293423647191769665E+00    0.205125532085353424E+01   -0.292388476255277681E+03
    0.212657486169494132E+04    0.102895411732714456E+05    0.293423647191769665E+00    0.205125532085353424E+01   -0.292388476255277681E+03
    0.573850044957050886E+04    0.753046531788077300E+04    0.297762411673190841E+00    0.216180945497490828E+01   -0.292840392265370724E+03
    0.573850044957050886E+04    0.753046531788077300E+04    0.297762411673190841E+00    0.216180945497490828E+01   -0.292840392265370724E+03
    0.605740530541378939E+04    0.708294173850109382E+04    0.311607088159284173E+00    0.211799942520123885E+01   -0.294175510373586121E+03
    0.279997481225197498E+04    0.536246837073815914E+04    0.326710202738632216E+00    0.198171424711755484E+01   -0.292337291651550743E+03
    0.279997481225197498E+04    0.536246837073815914E+04    0.326710202738632216E+00    0.198171424711755484E+01   -0.292337291651550743E+03
    0.187718185217955511E+04    0.758025215913368174E+04    0.309614281222617305E+00    0.198898122429802582E+01   -0.291553401433729505E+03
    0.187718185217955511E+04    0.758025215913368174E+04    0.309614281222617305E+00    0.198898122429802582E+01   -0.291553401433729505E+03
    0.187718185217955511E+04    0.758025215913368174E+04    0.309614281222617305E+00    0.198898122429802582E+01   -0.291553401433729505E+03
    0.187718185217955511E+04    0.758025215913368174E+04    0.309614281222617305E+00    0.198898122429802582E+01   -0.291553401433729505E+03
    0.187718185217955511E+04    0.758025215913368174E+04    0.309614281222617305E+00    0.198898122429802582E+01   -0.291553401433729505E+03
    0.387852103810838798E+04    0.780894328604796920E+04    0.292591171444131215E+00    0.201216169256150224E+01   -0.293800734694069206E+03
    0.428567190689580912E+04    0.800100833513787165E+04    0.322440743209345126E+00    0.211183236981334499E+01   -0.292146143688525285E+03
    0.428567190689580912E+04    0.800100833513787165E+04    0.322440743209345126E+00    0.211183236981334499E+01   -0.292146143688525285E+03
    0.428567190689580912E+04    0.800100833513787165E+04    0.322440743209345126E+00    0.211183236981334499E+01   -0.292146143688525285E+03
    0.171864815282781547E+04    0.685139216497730013E+04    0.314568863531934417E+00    0.202292907218931362E+01   -0.292611307349501260E+03
    0.366517803747388098E+04    0.713691839984981107E+04    0.335023620337699168E+00    0.205167517880059114E+01   -0.292169060083101328E+03
    0.366517803747388098E+04    0.713691839984981107E+04    0.335023620337699168E+00    0.205167517880059114E+01   -0.292169060083101328E+03
    0.366517803747388098E+04    0.713691839984981107E+04    0.335023620337699168E+00    0.205167517880059114E+01   -0.292169060083101328E+03
    0.441293717920688960E+04    0.858974676558436295E+04    0.353710010018488896E+00    0.211444894620616486E+01   -0.293029393211500860E+03
    0.765474645827189306E+03    0.913103087397391209E+04    0.333756517396027297E+00    0.207580857647352035E+01   -0.294604768272213107E+03
    0.260446842940727765E+04    0.770333455218825384E+04    0.341734186939153695E+00    0.197683384589206823E+01   -0.292907596370585907E+03
    0.406885028642980569E+04    0.551236188590206075E+04    0.297334579344133820E+00    0.200342624748531772E+01   -0.293302352542628512E+03
    0.181804794933087578E+04    0.629550267565246304E+04    0.320181073745867906E+00    0.193444465007637434E+01   -0.291868190493168640E+03
    0.181804794933087578E+04    0.629550267565246304E+04    0.320181073745867906E+00    0.193444465007637434E+01   -0.291868190493168640E+03
    0.181804794933087578E+04    0.629550267565246304E+04    0.320181073745867906E+00    0.193444465007637434E+01   -0.291868190493168640E+03
    0.181804794933087578E+04    0.629550267565246304E+04    0.320181073745867906E+00    0.193444465007637434E+01   -0.291868190493168640E+03
    0.322059719990426265E+04    0.746794323741371954E+04    0.329890190913100012E+00    0.200724784491844277E+01   -0.292616205245557808E+03
    0.322059719990426265E+04    0.746794323741371954E+04    0.329890190913100012E+00    0.200724784491844277E+01   -0.292616205245557808E+03
    0.370855164123111535E+04    0.686885831003908152E+04    0.354502891172426393E+00    0.202858159178135677E+01   -0.292881110536243455E+03
    0.370855164123111535E+04    0.686885831003908152E+04    0.354502891172426393E+00    0.202858159178135677E+01   -0.292881110536243455E+03
    0.259826502952584588E+04    0.839352532330676149E+04    0.338068247498865937E+00    0.202942236558212530E+01   -0.292030948978578920E+03
    0.259826502952584588E+04    0.839352532330676149E+04    0.338068247498865937E+00    0.202942236558212530E+01   -0.292030948978578920E+03
    0.259826502952584588E+04    0.839352532330676149E+04    0.338068247498865937E+00    0.202942236558212530E+01   -0.292030948978578920E+03
    0.311972356900440082E+04    0.624255278167772758E+04    0.285914956144348475E+00    0.194286751885513231E+01   -0.293318543889463228E+03
    0.236925558221981191E+04    0.451213006540100741E+04    0.275389210841029297E+00    0.189327165557944599E+01   -0.293164550545329178E+03
    0.213807148562190014E+04    0.335546669322016487E+04    0.230585897728283362E+00    0.181229962295170455E+01   -0.296185091394186315E+03
    0.262827932059571640E+04    0.615318971625852919E+04    0.260141699149142425E+00    0.190463127134069832E+01   -0.293546757375320283E+03
    0.229420633074959278E+04    0.437156330196521503E+04    0.279899950828979116E+00    0.184049587545300231E+01   -0.294376866133390138E+03
    0.172240431236316135E+04    0.604445640201141759E+04    0.329648201104475902E+00    0.186980594744165396E+01   -0.293152458096531859E+03
    0.395552974357904259E+04    0.904770581323634542E+04    0.379965730397045620E+00    0.217294263613943972E+01   -0.293266228745414253E+03
    0.161580918413018958E+04    0.975140196116017250E+04    0.419228513143388881E+00    0.215370206043222900E+01   -0.295327369868020526E+03
    0.277193853660951072E+04    0.691761429844865870E+04    0.312443262891049067E+00    0.200652919033809729E+01   -0.291507256845270717E+03
    0.277193853660951072E+04    0.691761429844865870E+04    0.312443262891049067E+00    0.200652919033809729E+01   -0.291507256845270717E+03
    0.277193853660951072E+04    0.691761429844865870E+04    0.312443262891049067E+00    0.200652919033809729E+01   -0.291507256845270717E+03
    0.277193853660951072E+04    0.691761429844865870E+04    0.312443262891049067E+00    0.200652919033809729E+01   -0.291507256845270717E+03
    0.277193853660951072E+04    0.691761429844865870E+04    0.312443262891049067E+00    0.200652919033809729E+01   -0.291507256845270717E+03
    0.277193853660951072E+04    0.691761429844865870E+04    0.312443262891049067E+00    0.200652919033809729E+01   -0.291507256845270717E+03
    0.675801475671495609E+03    0.117341760252660388E+05    0.348722094694059292E+00    0.213224810687956712E+01   -0.294825490706716266E+03
    0.411296628269180746E+04    0.693830653552437070E+04    0.386875139392135359E+00    0.214948057461442943E+01   -0.294034154305764844E+03
    0.168232514699904505E+04    0.960788543215991922E+04    0.425344670782758394E+00    0.212274219544282605E+01   -0.294502580612804991E+03
    0.277268812024075305E+04    0.780696783721575684E+04    0.417469735335264658E+00    0.212288567970389686E+01   -0.293901042576649445E+03
    0.196706595931987067E+04    0.878217838685793868E+04    0.420492490871402058E+00    0.210957190634576985E+01   -0.293967582518046981E+03
    0.467688494782813723E+04    0.720722269053679247E+04    0.463494172115126946E+00    0.218174318694315872E+01   -0.295799531074775587E+03
    0.399638591700405050E+04    0.680245659530970079E+04    0.420104114168848575E+00    0.217541273916358602E+01   -0.295799807529205282E+03
    0.195613889557047423E+04    0.126195817862770928E+05    0.404456308491237759E+00    0.218211560269897387E+01   -0.295314995043598913E+03
    0.301114484819626387E+04    0.934514414539771678E+04    0.490489958873238541E+00    0.209623867273497266E+01   -0.295062928870368637E+03
    0.293266927466474499E+04    0.865518367050908091E+04    0.480424822357972403E+00    0.207579075608752150E+01   -0.294453038317274661E+03
    0.282759991123723967E+04    0.104069686259827322E+05    0.446829958335123512E+00    0.212246194525658805E+01   -0.294740265876059027E+03
    0.758320897006250561E+04    0.790921601787766667E+04    0.402621436255076126E+00    0.221882221379901878E+01   -0.296157611277968442E+03
    0.102226903931463778E+04    0.104788494820349661E+05    0.400516742899819755E+00    0.205411855716307690E+01   -0.294374545991929722E+03
    0.330055235735173983E+04    0.111449865221328473E+05    0.431476048252052824E+00    0.216903762050802973E+01   -0.294951077931310465E+03
    0.252798186583530605E+04    0.111801615326091542E+05    0.371243425165681928E+00    0.215301110928395012E+01   -0.293473342391876486E+03
    0.265335512629198683E+04    0.906856581899754929E+04    0.375193069167995108E+00    0.213986437443209887E+01   -0.293025661374879576E+03
    0.386363318739636497E+04    0.865769880152895894E+04    0.399111609144151447E+00    0.214633876306340454E+01   -0.293341375268845240E+03
    0.462142787538405628E+04    0.848726035645683260E+04    0.374114726994871138E+00    0.219842037130415102E+01   -0.293738985766191377E+03
    0.311809436754277658E+04    0.126724664605456674E+05    0.393377497869993542E+00    0.221769320682049909E+01   -0.295070570174188504E+03
    0.306300468988117200E+04    0.878547786324209301E+04    0.390242174040691392E+00    0.202243045891207185E+01   -0.294478055010253286E+03
    0.293441106482597797E+04    0.569161231680865058E+04    0.539185228596991251E+00    0.202984354670308020E+01   -0.295187794083223821E+03
    0.301588077037502080E+04    0.518680296070005716E+04    0.475196281385378616E+00    0.201017313040037315E+01   -0.294487883690988951E+03
    0.163176831768890452E+04    0.749862161545491108E+04    0.459905940451788731E+00    0.195003186403345175E+01   -0.293943212138643219E+03
    0.240312495761826540E+04    0.756035412396988886E+04    0.381068126542169427E+00    0.205737646892533022E+01   -0.292341420229241237E+03
    0.240312495761826540E+04    0.756035412396988886E+04    0.381068126542169427E+00    0.205737646892533022E+01   -0.292341420229241237E+03
    0.660081115710215045E+03    0.662310595130893216E+04    0.424490865721793176E+00    0.194929252684608190E+01   -0.295349366040244377E+03
    0.199345999568541470E+04    0.623557025790594798E+04    0.377730132673448349E+00    0.192835782494630870E+01   -0.292470730689111974E+03
    0.199345999568541470E+04    0.623557025790594798E+04    0.377730132673448349E+00    0.192835782494630870E+01   -0.292470730689111974E+03
    0.193150106631055246E+04    0.632219910759495360E+04    0.391475442920156180E+00    0.189796515126580667E+01   -0.293480753944749097E+03
    0.922096411380421955E+03    0.633727354405488859E+04    0.370306510075623097E+00    0.193135221916455513E+01   -0.293781576316538406E+03
    0.100165830078357317E+04    0.784909041513672764E+04    0.396397155575981763E+00    0.194030535997045428E+01   -0.293485243669038198E+03
    0.181836919081695032E+04    0.472965260920606579E+04    0.375843064682370054E+00    0.189018326434875350E+01   -0.293063484332796804E+03
    0.199315937309779883E+04    0.494393302838612180E+04    0.360305901603955536E+00    0.196373153030014258E+01   -0.293618883989994117E+03
    0.191734542148502692E+04    0.536529724516424540E+04    0.380539289512713930E+00    0.188157259378337161E+01   -0.293027530775541550E+03
    0.187807173945716431E+04    0.506332680891112068E+04    0.333764302918129141E+00    0.189539263733348173E+01   -0.292545561896483093E+03
    0.187807173945716431E+04    0.506332680891112068E+04    0.333764302918129141E+00    0.189539263733348173E+01   -0.292545561896483093E+03
    0.257178833267832670E+04    0.633118875116083291E+04    0.440604185407241444E+00    0.195085196123738491E+01   -0.293790978723948911E+03
    0.236319328503825182E+04    0.409148135459629293E+04    0.415288596143955135E+00    0.190830853142677848E+01   -0.294276413060238212E+03
    0.112924955800970838E+04    0.963158913019851752E+04    0.367746309158275275E+00    0.203241671036374294E+01   -0.293282350157840426E+03
    0.595803771926507306E+04    0.640839386688914601E+04    0.389719482984971888E+00    0.208275538658178228E+01   -0.296357801651913803E+03
    0.165814157188549370E+04    0.475541940931371118E+04    0.334647162818983490E+00    0.184939204800535495E+01   -0.293117261300136931E+03
