    0.152177680857618088E+04    0.437275235702848931E+04    0.102127235768999713E+01   -0.325167188075161278E+03
    0.189788844066082675E+04    0.217666614575950007E+04    0.722783175925698185E+00   -0.324712626956579413E+03
    0.446047201828824825E+03    0.423390676287705355E+04    0.183912468468706769E+01   -0.324427703008774188E+03
    0.108083098139136109E+04    0.229052489204490621E+04    0.139045698322305977E+01   -0.324193840533711921E+03
    0.420656314880532250E+03    0.313829944322710890E+04    0.130296905522923856E+01   -0.323834746958900382E+03
    0.561398623086601788E+03    0.528271265803805545E+04    0.147717994082843718E+01   -0.323715944597617067E+03
    0.475376714582178181E+03    0.473413826219622752E+04    0.169836262552700434E+01   -0.323649380319584850E+03
    0.165919214217428021E+04    0.354949448808380521E+04    0.978413240275142648E+00   -0.323641071402795205E+03
    0.977286731651850118E+03    0.503529524552087150E+04    0.119383538606062323E+01   -0.323604856618241456E+03
    0.132095963450558656E+04    0.309758139454284401E+04    0.158123974408616896E+01   -0.323234967335455622E+03
    0.278448193494781094E+03    0.673214123685015602E+04    0.681697485570695649E+00   -0.323122332072626250E+03
    0.839620512909454078E+03    0.398624139695436634E+04    0.176596294150610134E+01   -0.323012537357261863E+03
    0.245393023038790972E+03    0.345270418240469553E+04    0.107020486856703045E+01   -0.322964729485140367E+03
    0.361656454583910431E+03    0.389354836542863222E+04    0.147346187705671539E+01   -0.322938252056443957E+03
    0.364096236453859845E+02    0.408603429162506518E+04    0.981480199462849034E+00   -0.322706851363394776E+03
    0.209565846595016296E+03    0.461264910376594798E+04    0.139368792774345152E+01   -0.322700351814384931E+03
    0.110464731955167667E+04    0.218566333092939885E+04    0.766733735462590493E+00   -0.322663958509377039E+03
    0.109339178528627190E+04    0.243473473759282297E+04    0.121335842557150220E+01   -0.322574496273459943E+03
    0.120164718390079906E+04    0.329269336193802883E+04    0.154274605285086785E+01   -0.322557595600121715E+03
    0.121329053376867046E+04    0.311480498358730893E+04    0.151559305197335670E+01   -0.322513404472912896E+03
    0.130099127329879275E+04    0.262050636832907003E+04    0.130243952674316432E+01   -0.322490008841557142E+03
    0.147412460779503903E+03    0.584906499363298917E+04    0.113865710052507607E+01   -0.322472208891283799E+03
    0.155111129447650501E+04    0.336510255361764894E+04    0.102087552645915025E+01   -0.322471938572193949E+03
    0.187937062107228655E+03    0.429514607812638769E+04    0.129788692630478586E+01   -0.322439483072617861E+03
    0.866321523083786133E+03    0.475152323931514547E+04    0.131836327840910683E+01   -0.322436828468525391E+03
    0.159028725417716714E+03    0.376980813193711629E+04    0.688735158655983781E+00   -0.322430697508068931E+03
    0.871679047338651003E+03    0.462847089598093226E+04    0.136818947723822437E+01   -0.322356025106786035E+03
    0.613788794736999535E+03    0.491202430499041475E+04    0.140547251925560035E+01   -0.322313132072349788E+03
    0.173862190727141495E+03    0.452169798819462630E+04    0.130364634814856184E+01   -0.322309675206905297E+03
    0.118439788040509893E+04    0.268880744147813630E+04    0.412735183664173166E+00   -0.322275783866072061E+03
    0.136404978122481316E+04    0.324884373581486534E+04    0.126383135613667985E+01   -0.322082895583235484E+03
    0.162435108491517681E+02    0.527690916520468363E+04    0.114600025853855314E+01   -0.322068051349370364E+03
    0.108358323422656076E+04    0.378520948272285887E+04    0.144568555361013829E+01   -0.321961252721540347E+03
    0.882596455943267529E+03    0.287183894681750644E+04    0.133933837821628932E+01   -0.321897165622415969E+03
    0.191709381795668321E+03    0.465160878113454328E+04    0.128322457372441168E+01   -0.321888804818883443E+03
    0.956322875056626458E+03    0.415000618839894287E+04    0.142595576995957263E+01   -0.321887961339375863E+03
    0.138350784764442187E+04    0.259428246127294415E+04    0.107639571057589256E+01   -0.321833392571820752E+03
    0.130817980304383106E+02    0.526655686185527520E+04    0.111749343246683575E+01   -0.321828152781291351E+03
    0.101226057062626614E+04    0.406659639541157185E+04    0.136812631930239426E+01   -0.321692535293487538E+03
    0.147468484578471794E+04    0.299160853741728488E+04    0.423922758706198943E+00   -0.321605252052388096E+03
    0.107555094426455366E+04    0.498280672310702812E+04    0.758507126599245796E+00   -0.321597568886427439E+03
    0.507607403543667658E+03    0.597911373585902402E+04    0.792174310691145633E+00   -0.321586026354310434E+03
    0.147403255812919451E+04    0.352380890072953707E+04    0.407605556981014583E+00   -0.321579036084516645E+03
    0.120318101926717736E+04    0.394087947309734091E+04    0.117103266722353072E+01   -0.321574383937264201E+03
    0.119149263919646592E+04    0.383815653622811806E+04    0.122388467192869355E+01   -0.321550932031691218E+03
    0.119924160905158101E+04    0.478938076844155239E+04    0.658034654953225662E+00   -0.321535344276998444E+03
    0.148176424505112413E+04    0.299505319282117489E+04    0.967715670436921860E+00   -0.321446629392325178E+03
    0.665056259243454178E+03    0.552182978001982883E+04    0.911227998130901495E+00   -0.321444147167996618E+03
    0.583550949260757420E+03    0.595553509741480957E+04    0.676181489562571070E+00   -0.321435217847775505E+03
    0.607293262711048214E+03    0.297947173878749254E+04    0.107685608585179904E+01   -0.321412675524763870E+03
    0.960456052846119633E+03    0.412700022195289330E+04    0.133930494889872453E+01   -0.321404779087060945E+03
    0.107012383002940896E+04    0.506975853797614946E+04    0.643869298236505627E+00   -0.321400988062943270E+03
    0.776745423267916749E+03    0.533604995625166976E+04    0.441998959788858004E+00   -0.321384558894008535E+03
    0.140492220072667214E+04    0.417637570293262434E+04    0.501487620528832223E+00   -0.321376445661494586E+03
    0.388148666434309007E+03    0.544522005463309688E+04    0.112290252541720004E+01   -0.321358629761938630E+03
    0.943385026503625340E+03    0.317563897505441037E+04    0.138692347015271933E+01   -0.321328955907642978E+03
    0.155757274347092448E+04    0.301236558271220292E+04    0.782164476109364126E+00   -0.321316818765140624E+03
    0.108059584776338625E+04    0.420938314324082967E+04    0.373412171140728721E+00   -0.321279318429684622E+03
    0.116311710334641907E+04    0.274618792347292037E+04    0.468779647666538735E+00   -0.321275194486315513E+03
    0.101370451473772482E+04    0.430870736789091734E+04    0.375079973633798192E+00   -0.321266930846241848E+03
    0.421864550532237047E+03    0.602938933719602028E+04    0.780438250779271536E+00   -0.321253222699124649E+03
    0.154972038399565349E+04    0.302873427319126768E+04    0.779525765513888858E+00   -0.321252787770369252E+03
    0.123714885548288112E+04    0.389920100916955062E+04    0.107707352790640631E+01   -0.321238389590679276E+03
    0.133686228655373043E+04    0.410759119952985566E+04    0.441540100970413407E+00   -0.321116949738040148E+03
    0.210522927606766501E+03    0.597399595961604609E+04    0.912320303500726237E+00   -0.321103890085334854E+03
    0.471432113405473217E+03    0.552485501466533424E+04    0.101200812147533026E+01   -0.321083676989953062E+03
    0.118817929744269873E+04    0.382320150297976852E+04    0.113908943843758048E+01   -0.321063801111382645E+03
    0.691603776189555219E+03    0.294326154374288444E+04    0.108589921404278189E+01   -0.321059082730316561E+03
    0.462693273507894389E+03    0.508853994783620965E+04    0.119682587870042689E+01   -0.321048796551707312E+03
    0.335491535670801454E+03    0.443093022300810208E+04    0.128026069158506894E+01   -0.321024253314191469E+03
    0.257196624392642548E+03    0.431475732535686257E+04    0.120580848928297280E+01   -0.321020019694876794E+03
    0.804617970089435062E+03    0.311586923179522364E+04    0.485992248060352017E+00   -0.321015808532380390E+03
    0.564716625224700351E+03    0.419472440474047107E+04    0.138248405043212941E+01   -0.321004060796696422E+03
    0.957133075180103447E+03    0.497049231476020304E+04    0.840508117104497354E+00   -0.320999380409825392E+03
    0.140544430427719949E+02    0.521474918512720342E+04    0.102075440258569516E+01   -0.320982508951910233E+03
    0.127608135832330981E+04    0.434397526409463353E+04    0.711844245215127125E+00   -0.320948699758206828E+03
    0.345257731571673332E+03    0.367930949773383736E+04    0.619174952160874259E+00   -0.320924855370181433E+03
    0.134698922703932453E+04    0.292671645389695595E+04    0.101700597174968133E+01   -0.320909187683603648E+03
    0.990279243128815438E+03    0.391089017515851992E+04    0.128717059137493539E+01   -0.320896307053478552E+03
    0.107939807204569797E+04    0.277866648249909804E+04    0.112155057402087377E+01   -0.320880664356443276E+03
    0.655951996532503586E+03    0.294283755080626815E+04    0.665607523697339332E+00   -0.320876891931703085E+03
    0.111847801027216337E+04    0.417755449260256319E+04    0.104704335959239159E+01   -0.320876029476481165E+03
    0.665440535233594687E+03    0.557540071418114167E+04    0.510427235198665841E+00   -0.320873419736245751E+03
    0.129170674469184382E+04    0.301293736943303384E+04    0.445072721256005333E+00   -0.320862959713712030E+03
    0.115220032111389241E+04    0.420380105090151028E+04    0.986029096180522924E+00   -0.320861133011002607E+03
    0.117103580902710974E+04    0.299712183189231337E+04    0.443782078033915173E+00   -0.320851555299898735E+03
    0.695321418732266579E+03    0.285317994904432362E+04    0.718050916119491345E+00   -0.320813367934986559E+03
    0.525961916045072826E+03    0.324275014133881677E+04    0.106841005251997556E+01   -0.320809406418036929E+03
    0.838032051882998985E+03    0.368512298619899593E+04    0.137312722731508385E+01   -0.320802073506207648E+03
    0.120695759776044292E+04    0.319502267833205269E+04    0.116956001466344528E+01   -0.320799512530307425E+03
    0.117547540979449400E+04    0.294080865883572687E+04    0.458404901862837333E+00   -0.320795441963980750E+03
    0.487109860136494206E+03    0.379019014609291798E+04    0.127527559993856054E+01   -0.320791916452064697E+03
    0.994751666981912763E+03    0.471670001330312789E+04    0.429441325978975386E+00   -0.320789197271919022E+03
    0.134374444592875278E+03    0.466394102798894346E+04    0.109461701137684209E+01   -0.320779519336135706E+03
    0.508479591842529317E+03    0.465434405632722155E+04    0.127387666572893976E+01   -0.320746955985914838E+03
    0.824880811094849150E+03    0.368347521143243875E+04    0.136321652490803968E+01   -0.320734858064008336E+03
    0.701215437517892042E+03    0.384354332315872625E+04    0.136770518727721035E+01   -0.320732966700118652E+03
    0.146824214654492221E+04    0.300024428671733858E+04    0.767925045582827814E+00   -0.320690428611257403E+03
    0.154123340521783149E+03    0.475244970388976799E+04    0.110543899522377620E+01   -0.320659283162467204E+03
    0.145048506277513206E+04    0.356494060705736820E+04    0.693607233884606100E+00   -0.320651165565561314E+03
    0.108590490383332053E+04    0.400846569426627320E+04    0.110452776863454338E+01   -0.320583993861025817E+03
    0.920289553969995922E+02    0.610669019613931232E+04    0.743390163920008895E+00   -0.320573807159777630E+03
    0.100101611786550018E+04    0.319782706379828460E+04    0.124246577041436157E+01   -0.320569176015077062E+03
    0.262677199162415356E+02    0.512957954713214895E+04    0.975240699511710885E+00   -0.320549265954563680E+03
    0.118400850893392499E+04    0.453766533220189922E+04    0.627824014252759688E+00   -0.320521282724386310E+03
    0.972022513808400731E+03    0.382260102460329244E+04    0.125118314329472935E+01   -0.320518264481009453E+03
    0.886512431015722427E+03    0.335601271843971927E+04    0.128398874391912177E+01   -0.320515234766893286E+03
    0.146667681314859828E+04    0.323983600343713852E+04    0.683341052126510418E+00   -0.320498987110165217E+03
    0.123138186504588106E+03    0.588220393513838644E+04    0.609663599081794350E+00   -0.320481795815016028E+03
    0.243054543842074565E+03    0.516884937641514807E+04    0.109740462599804389E+01   -0.320476144190834077E+03
    0.232161085188883845E+03    0.603808258153665884E+04    0.644832453162659580E+00   -0.320469684550327827E+03
    0.728255614476936330E+03    0.473618170844580891E+04    0.432058284832944395E+00   -0.320466254968594228E+03
    0.842057312443748287E+03    0.310474554553636199E+04    0.118598674470628662E+01   -0.320461570920086103E+03
    0.107308953059562654E+03    0.430932460150986299E+04    0.885276636186381860E+00   -0.320452443625802061E+03
    0.786019933423486236E+03    0.316170719202302189E+04    0.118766417962027737E+01   -0.320441754231922346E+03
    0.488321801567109162E+03    0.491887172017144439E+04    0.115953847005072697E+01   -0.320430382497864628E+03
    0.655460184965594635E+03    0.300376266092485457E+04    0.692878891683847642E+00   -0.320419386379039850E+03
    0.452361950146394577E+03    0.526730155220798952E+04    0.488716360457538579E+00   -0.320400691567541571E+03
    0.280340530056001967E+03    0.591689698625391429E+04    0.599579658572754748E+00   -0.320396907527414214E+03
    0.103686389421384206E+04    0.484844880889883916E+04    0.649410036625000187E+00   -0.320383623030115416E+03
    0.125712862418289910E+04    0.408928203284597612E+04    0.476041731041843885E+00   -0.320369367750967513E+03
    0.463311450582740292E+03    0.513229580531982265E+04    0.108288550252460158E+01   -0.320354857371903790E+03
    0.644926693595252573E+03    0.511616080554576365E+04    0.988681210506121455E+00   -0.320348301328533012E+03
    0.137626698056871078E+04    0.382018991103499957E+04    0.595547082072292344E+00   -0.320345742339157482E+03
    0.687916542298472905E+03    0.361193845705860122E+04    0.127515194998022441E+01   -0.320331912674923672E+03
    0.107644758874574927E+04    0.346746146816532655E+04    0.118028007113954980E+01   -0.320316663694415354E+03
    0.205773945425957180E+03    0.449089258837870602E+04    0.594097206742407846E+00   -0.320309658972903264E+03
    0.752964619084882116E+02    0.447181742632494388E+04    0.804211821400459326E+00   -0.320284580809515091E+03
    0.360996888876037247E+03    0.415540467085909677E+04    0.116987247246668136E+01   -0.320245432229694075E+03
    0.109196992368441170E+04    0.459151385833168843E+04    0.514354890475689608E+00   -0.320178187742182502E+03
    0.383331631367803766E+03    0.440992523780498868E+04    0.518762079964886880E+00   -0.320169010142157504E+03
    0.452981020112283446E+02    0.476985849652906109E+04    0.886989622930390742E+00   -0.320168690052386864E+03
    0.122594131835835606E+04    0.300809963309929753E+04    0.983166712754361849E+00   -0.320162867760510380E+03
    0.812377386593403571E+03    0.292841135326808399E+04    0.988602285315854257E+00   -0.320152716722026128E+03
    0.176251708041694684E+03    0.499474408306953410E+04    0.105013152778921848E+01   -0.320140477323260939E+03
    0.880606207634941825E+03    0.510104319453690005E+04    0.569018173847537834E+00   -0.320126149808435287E+03
    0.179784329570636778E+02    0.487760345797095852E+04    0.823822751011640486E+00   -0.320124592715701340E+03
    0.344898951621066374E+03    0.507494397020108136E+04    0.108543192804062416E+01   -0.320118709151942937E+03
    0.102350334206025855E+04    0.473851376316668848E+04    0.705509909050270556E+00   -0.320093481679731724E+03
    0.205568497555562963E+02    0.568632513162242503E+04    0.695751159749122827E+00   -0.320091728246130742E+03
    0.105119247804717838E+04    0.459879746804212664E+04    0.496182243858231620E+00   -0.320085283780701218E+03
    0.983672677383051109E+03    0.288729953149751645E+04    0.571454361560841950E+00   -0.320083231642265787E+03
    0.142799984507668910E+03    0.512407055126345949E+04    0.100973632108155642E+01   -0.320081815128316975E+03
    0.607647539926042668E+03    0.518685354494157582E+04    0.491119732196909908E+00   -0.320073309371077926E+03
    0.311719647552870242E+03    0.551410405151702435E+04    0.550313897364112958E+00   -0.320066857639960460E+03
    0.311719647552870242E+03    0.551410405151702435E+04    0.550313897364112958E+00   -0.320066857639960460E+03
    0.691547514990146169E+03    0.542887508940547377E+04    0.618693930352395838E+00   -0.320051657931342845E+03
    0.691547514990146169E+03    0.542887508940547377E+04    0.618693930352395838E+00   -0.320051657931342845E+03
    0.112659263012724750E+03    0.563493518130073971E+04    0.628791547271820517E+00   -0.320018101986120257E+03
    0.936028715077679067E+03    0.292384829252172403E+04    0.101519769898619305E+01   -0.320017921306313269E+03
    0.936028715077679067E+03    0.292384829252172403E+04    0.101519769898619305E+01   -0.320017921306313269E+03
    0.134579917752481447E+04    0.294217470388919037E+04    0.700273929241454152E+00   -0.320003387858024382E+03
    0.433305719227241696E+03    0.558390965088843041E+04    0.835317628689280611E+00   -0.319984533660703676E+03
    0.125105010678513031E+04    0.387407648503190239E+04    0.802544235090903113E+00   -0.319973646475234602E+03
    0.125105010678513031E+04    0.387407648503190239E+04    0.802544235090903113E+00   -0.319973646475234602E+03
    0.524085268990603140E+03    0.423238829206796891E+04    0.121540899794889223E+01   -0.319961001039932739E+03
    0.236988976045751627E+03    0.534977407038555339E+04    0.981139048049493923E+00   -0.319948274455524938E+03
    0.117927437468056269E+04    0.424469538893720801E+04    0.517942759828697419E+00   -0.319946480597018365E+03
    0.133676160991788919E+03    0.572911510142017232E+04    0.642980454309957206E+00   -0.319944187417003491E+03
    0.987517513600168172E+03    0.290283297401484424E+04    0.582397800741475291E+00   -0.319938623571011249E+03
    0.374864376541011950E+03    0.395248054134088852E+04    0.595295624226375053E+00   -0.319928470120223437E+03
    0.665219029063655739E+03    0.396949669460713631E+04    0.471653990453288929E+00   -0.319917254144492688E+03
    0.110049598034506130E+04    0.274799826953999354E+04    0.791978896513638952E+00   -0.319914750747112748E+03
    0.115784457620417334E+04    0.382438168729264544E+04    0.453727091558321305E+00   -0.319910820249915332E+03
    0.637895816209767645E+03    0.374679116230239788E+04    0.121319470957678677E+01   -0.319907722640952159E+03
    0.530724324730189096E+03    0.329048664211581581E+04    0.731800161124592230E+00   -0.319905161040651251E+03
    0.767912433328015027E+03    0.350495774424084766E+04    0.120042211702247203E+01   -0.319904537045587347E+03
    0.347064637559731011E+03    0.405125559080774065E+04    0.108632282660563595E+01   -0.319903130766581683E+03
    0.117562410171333636E+04    0.297710073013114197E+04    0.948263435409682276E+00   -0.319899218883403080E+03
    0.848589391525161886E+03    0.352955794671518152E+04    0.120299980432434017E+01   -0.319895471810563436E+03
    0.329997756568151885E+03    0.505747485635547764E+04    0.531958249747186196E+00   -0.319893101863691925E+03
    0.125874875652761375E+04    0.284054191125705893E+04    0.734530045084789918E+00   -0.319883427214234871E+03
    0.738354473501509119E+03    0.522092400179469587E+04    0.747333382416992764E+00   -0.319882902250194036E+03
    0.236715955635753801E+03    0.561021560652284916E+04    0.878837305629872168E+00   -0.319871678323705680E+03
    0.163855044820181917E+03    0.445459919788094248E+04    0.959275917859450433E+00   -0.319871418550628562E+03
    0.104395936057684821E+04    0.290307798265786550E+04    0.961940179369225712E+00   -0.319856787072365137E+03
    0.119376626733053035E+04    0.318959288443926334E+04    0.975494186480736714E+00   -0.319853726817471113E+03
    0.521910305456416609E+03    0.329176694816194777E+04    0.808673517792424024E+00   -0.319848073016673197E+03
    0.107062203528516466E+04    0.436150690294575998E+04    0.482392270381095500E+00   -0.319842146285378021E+03
    0.120224724830770447E+04    0.334347310099303559E+04    0.482737171158167111E+00   -0.319841203746330280E+03
    0.103901882354068175E+04    0.329766501185735387E+04    0.110136985829398237E+01   -0.319834944119926888E+03
    0.114556576709435376E+04    0.384566568788369432E+04    0.942551548870912081E+00   -0.319826247174629543E+03
    0.194959827173155873E+03    0.417676012771897149E+04    0.876499237990067348E+00   -0.319825524495008608E+03
    0.581898162638889517E+03    0.443635311084574369E+04    0.117448376698368184E+01   -0.319821916376121862E+03
    0.691702834499903219E+02    0.472949661680425834E+04    0.790085417980995075E+00   -0.319814363488193749E+03
    0.107690536388244777E+04    0.454419153004925556E+04    0.650817481384593943E+00   -0.319788365420685579E+03
    0.386319042027391163E+03    0.359643807306035433E+04    0.834777977540927418E+00   -0.319778284597011691E+03
    0.126698871411583923E+04    0.313896800270785661E+04    0.546786738471574663E+00   -0.319763319390381582E+03
    0.920803987706782891E+03    0.394657035180027424E+04    0.444923000185264206E+00   -0.319750526080611394E+03
    0.682595048435571584E+03    0.353332308908200275E+04    0.115819822686917329E+01   -0.319748696085722770E+03
    0.682595048435571584E+03    0.353332308908200275E+04    0.115819822686917329E+01   -0.319748696085722770E+03
    0.541815745382115665E+03    0.333011598699504566E+04    0.705117156132465617E+00   -0.319748446120247991E+03
    0.541815745382115665E+03    0.333011598699504566E+04    0.705117156132465617E+00   -0.319748446120247991E+03
    0.894688759699746015E+03    0.476899901312748807E+04    0.500842472608404532E+00   -0.319737030804229278E+03
    0.123788026678269901E+03    0.538448276958226779E+04    0.904238020633339468E+00   -0.319731917820735134E+03
    0.123788026678269901E+03    0.538448276958226779E+04    0.904238020633339468E+00   -0.319731917820735134E+03
    0.801417000854672438E+03    0.303499480510897183E+04    0.632832164602879943E+00   -0.319730504154238076E+03
    0.338125301496053055E+03    0.570437594996347343E+04    0.757694213103835779E+00   -0.319730234210499759E+03
    0.591198496940958648E+03    0.498453992575175744E+04    0.989332801358292824E+00   -0.319729757820034138E+03
    0.591198496940958648E+03    0.498453992575175744E+04    0.989332801358292824E+00   -0.319729757820034138E+03
    0.321485350015301719E+03    0.505460288700277943E+04    0.103057910864844193E+01   -0.319703207145542706E+03
    0.887675289427251187E+03    0.324757193612272067E+04    0.110294967486934903E+01   -0.319694865893217184E+03
    0.283569478143859385E+03    0.548252431034949404E+04    0.896276396436183953E+00   -0.319694175664701220E+03
    0.104567333014224278E+04    0.332728229654375855E+04    0.107201697487709180E+01   -0.319692113585518996E+03
    0.104567333014224278E+04    0.332728229654375855E+04    0.107201697487709180E+01   -0.319692113585518996E+03
    0.121436113361793218E+04    0.338652830432072733E+04    0.499667795528907221E+00   -0.319687062431675827E+03
    0.397124594001830530E+03    0.445519054619036615E+04    0.112777724239837140E+01   -0.319680546220716394E+03
    0.397124594001830530E+03    0.445519054619036615E+04    0.112777724239837140E+01   -0.319680546220716394E+03
    0.126936119302206657E+04    0.338419837208946865E+04    0.829066506430796601E+00   -0.319657680431584993E+03
    0.147755033864676761E+03    0.563373920306807941E+04    0.664124054658606244E+00   -0.319645234591103588E+03
    0.147755033864676761E+03    0.563373920306807941E+04    0.664124054658606244E+00   -0.319645234591103588E+03
    0.130977011034076440E+04    0.346263986663813648E+04    0.707895590544879827E+00   -0.319620694242867330E+03
    0.796317229533656132E+03    0.425885870932927992E+04    0.457611649635433992E+00   -0.319618559717240032E+03
    0.796317229533656132E+03    0.425885870932927992E+04    0.457611649635433992E+00   -0.319618559717240032E+03
    0.120207937098005345E+04    0.398727889137784450E+04    0.736515071301653945E+00   -0.319606839138876467E+03
    0.120207937098005345E+04    0.398727889137784450E+04    0.736515071301653945E+00   -0.319606839138876467E+03
    0.110016033214035474E+04    0.336710068699588692E+04    0.101721261693918041E+01   -0.319600916302504629E+03
    0.101698307443402325E+04    0.290242742969031724E+04    0.883416739196043466E+00   -0.319595891620743714E+03
    0.114805482889772111E+04    0.338628228591864809E+04    0.971499569957763875E+00   -0.319592152053842312E+03
    0.111443678126888335E+04    0.317266526624475910E+04    0.978787369470151991E+00   -0.319591162212114114E+03
    0.516753732934399977E+03    0.346340935977355366E+04    0.964785660506549569E+00   -0.319590440406929417E+03
    0.484918559080687260E+03    0.346089147592469453E+04    0.734288086737393653E+00   -0.319568357444573167E+03
    0.915320739108747830E+03    0.439794083468230019E+04    0.469935587397871224E+00   -0.319557759075291642E+03
    0.576371958427198365E+03    0.346336732668890545E+04    0.102955854136759939E+01   -0.319557465330564639E+03
    0.527083363024247888E+03    0.484735508565440705E+04    0.104103156881414161E+01   -0.319547602081720640E+03
    0.231542512014845300E+03    0.453966026607548156E+04    0.100436629297950586E+01   -0.319546118922111646E+03
    0.130122164335100729E+04    0.324614706386232638E+04    0.635869530962799856E+00   -0.319543207489259203E+03
    0.592327767478456281E+03    0.330221478906373932E+04    0.924064431896203797E+00   -0.319534554892788378E+03
    0.592327767478456281E+03    0.330221478906373932E+04    0.924064431896203797E+00   -0.319534554892788378E+03
    0.989661469096616088E+03    0.448892899246265006E+04    0.505847626320968580E+00   -0.319533303929476745E+03
    0.854437974036412015E+03    0.494839918104820572E+04    0.677743634521764893E+00   -0.319522369396287502E+03
    0.918478615563545418E+03    0.374193685261518567E+04    0.111278327887311557E+01   -0.319517520752025803E+03
    0.396786811790638978E+03    0.369520097110600591E+04    0.908378711408467265E+00   -0.319497070117492797E+03
    0.868472679772922902E+03    0.428842563676352165E+04    0.102254223366895070E+01   -0.319494465351978022E+03
    0.868472679772922902E+03    0.428842563676352165E+04    0.102254223366895070E+01   -0.319494465351978022E+03
    0.213255372123699971E+03    0.500899234337330563E+04    0.974880396906811719E+00   -0.319484542301336262E+03
    0.583155195042710602E+03    0.379333144347935058E+04    0.541087327808920993E+00   -0.319476789559114138E+03
    0.583155195042710602E+03    0.379333144347935058E+04    0.541087327808920993E+00   -0.319476789559114138E+03
    0.449065101537786063E+03    0.519062158047517732E+04    0.931518534732726389E+00   -0.319461295619036605E+03
    0.280248691870858181E+03    0.412720410290617201E+04    0.681756451897478022E+00   -0.319459563015364381E+03
    0.280248691870858181E+03    0.412720410290617201E+04    0.681756451897478022E+00   -0.319459563015364381E+03
    0.108482754697946120E+04    0.291922715698243837E+04    0.811712451761201659E+00   -0.319438257879651644E+03
    0.108482754697946120E+04    0.291922715698243837E+04    0.811712451761201659E+00   -0.319438257879651644E+03
    0.660769129941333858E+03    0.488347980676477437E+04    0.503716444544913933E+00   -0.319438104030163856E+03
    0.826207432577675718E+02    0.495459064488480089E+04    0.777585033087423660E+00   -0.319434906310705969E+03
    0.537794941778678890E+03    0.465054170041139059E+04    0.107448068203422964E+01   -0.319423209969999164E+03
    0.537794941778678890E+03    0.465054170041139059E+04    0.107448068203422964E+01   -0.319423209969999164E+03
    0.272428795480811971E+03    0.451785760321661019E+04    0.101843138606164541E+01   -0.319420113954382771E+03
    0.680202082837683179E+03    0.382698513460261984E+04    0.507142320006931935E+00   -0.319417141865176006E+03
    0.680202082837683179E+03    0.382698513460261984E+04    0.507142320006931935E+00   -0.319417141865176006E+03
    0.121276167180717448E+04    0.379424473717509363E+04    0.747799235731300915E+00   -0.319408855070928666E+03
    0.124131903147671983E+04    0.312687621643961484E+04    0.633409855024629098E+00   -0.319404514692246494E+03
    0.333958174316322754E+03    0.549756539152782989E+04    0.821471922745934835E+00   -0.319404105238350951E+03
    0.764770537132017580E+03    0.406923598389611107E+04    0.112312978688873844E+01   -0.319398850993792792E+03
    0.950632438057376817E+03    0.294767536466385127E+04    0.846128805296763598E+00   -0.319396753108713085E+03
    0.950632438057376817E+03    0.294767536466385127E+04    0.846128805296763598E+00   -0.319396753108713085E+03
    0.609670863738615822E+03    0.396061163795943366E+04    0.516145929152508121E+00   -0.319394301616607549E+03
    0.609670863738615822E+03    0.396061163795943366E+04    0.516145929152508121E+00   -0.319394301616607549E+03
    0.481988698597899258E+03    0.352508505764131269E+04    0.899997118321626655E+00   -0.319394010066824649E+03
    0.481988698597899258E+03    0.352508505764131269E+04    0.899997118321626655E+00   -0.319394010066824649E+03
    0.123643404375804562E+04    0.365373257118258016E+04    0.743045126150815638E+00   -0.319386365393195490E+03
    0.123643404375804562E+04    0.365373257118258016E+04    0.743045126150815638E+00   -0.319386365393195490E+03
    0.546874892115563739E+03    0.337156163670228352E+04    0.849219476872735135E+00   -0.319385225076727522E+03
    0.885078221213139955E+03    0.474350510398749702E+04    0.762062079614653998E+00   -0.319373943113677171E+03
    0.885078221213139955E+03    0.474350510398749702E+04    0.762062079614653998E+00   -0.319373943113677171E+03
    0.997820272047932917E+03    0.457415182203514178E+04    0.668100288250287333E+00   -0.319371859964770124E+03
    0.120478358001837387E+04    0.317558734427691661E+04    0.823067652557235685E+00   -0.319369441961581856E+03
    0.324796447907562936E+03    0.536403969911825880E+04    0.879766749262461345E+00   -0.319361109516984300E+03
    0.324796447907562936E+03    0.536403969911825880E+04    0.879766749262461345E+00   -0.319361109516984300E+03
    0.101301049361031471E+04    0.321343454864592513E+04    0.994042190373123913E+00   -0.319358782929508720E+03
    0.765868999845830331E+03    0.385004615833697517E+04    0.113502545962627299E+01   -0.319357956832326920E+03
    0.444349847976505089E+03    0.502245136163820098E+04    0.977596823392547276E+00   -0.319351993392204633E+03
    0.444349847976505089E+03    0.502245136163820098E+04    0.977596823392547276E+00   -0.319351993392204633E+03
    0.671227149356221162E+03    0.399168223925668053E+04    0.114104422002980455E+01   -0.319350225693184029E+03
    0.983328973746376505E+03    0.438271375476318644E+04    0.506027811153746732E+00   -0.319344910589305755E+03
    0.104578587299286664E+04    0.344140319562749619E+04    0.501667436476677109E+00   -0.319344448740919404E+03
    0.104578587299286664E+04    0.344140319562749619E+04    0.501667436476677109E+00   -0.319344448740919404E+03
    0.460041064625392721E+03    0.457121562230625841E+04    0.108164586307079502E+01   -0.319339073077055843E+03
    0.121116472233841932E+04    0.373553294946342612E+04    0.745314560278977578E+00   -0.319321874848514085E+03
    0.538630550583338618E+03    0.445812841516392018E+04    0.109695819858013466E+01   -0.319318775502603387E+03
    0.338411696233227474E+03    0.518278433119374495E+04    0.573357451342298652E+00   -0.319318746420422542E+03
    0.338411696233227474E+03    0.518278433119374495E+04    0.573357451342298652E+00   -0.319318746420422542E+03
    0.293521714179263085E+03    0.558309834262225377E+04    0.678051932787843592E+00   -0.319307431636680235E+03
    0.116038381434409416E+04    0.350403485804048523E+04    0.879492495988217438E+00   -0.319297170267857155E+03
    0.116038381434409416E+04    0.350403485804048523E+04    0.879492495988217438E+00   -0.319297170267857155E+03
    0.107918337319981515E+04    0.294678421329466801E+04    0.727057664034436835E+00   -0.319295827597660434E+03
    0.966976017436439406E+03    0.363332172351749705E+04    0.487500710539365556E+00   -0.319293170030111639E+03
    0.123389233031177741E+04    0.335615062569978272E+04    0.591374289559759458E+00   -0.319286358731962480E+03
    0.123389233031177741E+04    0.335615062569978272E+04    0.591374289559759458E+00   -0.319286358731962480E+03
    0.116498199657201917E+04    0.346766948248329390E+04    0.871425491596169888E+00   -0.319277616682444773E+03
    0.139401777359236348E+03    0.504312756694249674E+04    0.680963096475564078E+00   -0.319271017575617407E+03
    0.139401777359236348E+03    0.504312756694249674E+04    0.680963096475564078E+00   -0.319271017575617407E+03
    0.926111803262484955E+03    0.428737531547494291E+04    0.926590158253146501E+00   -0.319265716832139674E+03
    0.689095741458515931E+03    0.463746734066439058E+04    0.989747297031431716E+00   -0.319261681904964121E+03
    0.689095741458515931E+03    0.463746734066439058E+04    0.989747297031431716E+00   -0.319261681904964121E+03
    0.312065888522719717E+03    0.401024499239885336E+04    0.895162162615568913E+00   -0.319256951353880481E+03
    0.328624171699009707E+03    0.460413075147401378E+04    0.582269480042486798E+00   -0.319251748761593888E+03
    0.328624171699009707E+03    0.460413075147401378E+04    0.582269480042486798E+00   -0.319251748761593888E+03
    0.109773554504669914E+04    0.423082245982878612E+04    0.670703373277546144E+00   -0.319236709444327744E+03
    0.109773554504669914E+04    0.423082245982878612E+04    0.670703373277546144E+00   -0.319236709444327744E+03
    0.383806531039074173E+03    0.510920555560096363E+04    0.940543304850247064E+00   -0.319224848062170167E+03
    0.383806531039074173E+03    0.510920555560096363E+04    0.940543304850247064E+00   -0.319224848062170167E+03
    0.390621519220078483E+03    0.504826314578321399E+04    0.958046283836745949E+00   -0.319219604496084628E+03
    0.120225925894903321E+04    0.321297303911522840E+04    0.615686239176240768E+00   -0.319218452384426087E+03
    0.120225925894903321E+04    0.321297303911522840E+04    0.615686239176240768E+00   -0.319218452384426087E+03
    0.105469935861405065E+04    0.434963723591790404E+04    0.592033587822797802E+00   -0.319215009992302043E+03
    0.872592321428398350E+03    0.436712509323479662E+04    0.937411293553999325E+00   -0.319206184893344755E+03
    0.872592321428398350E+03    0.436712509323479662E+04    0.937411293553999325E+00   -0.319206184893344755E+03
    0.111430120960022305E+04    0.399892329258562131E+04    0.780212934032030070E+00   -0.319193401615510368E+03
    0.102719944190497540E+04    0.323708385991839896E+04    0.952052766974362141E+00   -0.319185957512189873E+03
    0.102719944190497540E+04    0.323708385991839896E+04    0.952052766974362141E+00   -0.319185957512189873E+03
    0.224927045440022709E+03    0.460929752313913650E+04    0.941999911966229120E+00   -0.319185242200208563E+03
    0.224927045440022709E+03    0.460929752313913650E+04    0.941999911966229120E+00   -0.319185242200208563E+03
    0.839315056816913625E+03    0.401135798158920170E+04    0.105870791654308438E+01   -0.319177059455694348E+03
    0.558775708590024124E+03    0.529513679920148661E+04    0.730620785856051946E+00   -0.319172129687845484E+03
    0.558775708590024124E+03    0.529513679920148661E+04    0.730620785856051946E+00   -0.319172129687845484E+03
    0.116982878278632938E+04    0.359382144146456039E+04    0.816170116425977143E+00   -0.319167427016882755E+03
    0.116982878278632938E+04    0.359382144146456039E+04    0.816170116425977143E+00   -0.319167427016882755E+03
    0.111661003362226938E+04    0.354059312842092277E+04    0.896532535628356331E+00   -0.319165911106299689E+03
    0.108669081506954672E+04    0.350577346690902914E+04    0.930988055623462207E+00   -0.319165010621668614E+03
    0.637812104931794011E+03    0.505964576071868760E+04    0.816772869663445755E+00   -0.319160576315733408E+03
    0.544868151561601508E+03    0.420168390413759607E+04    0.109616217474418631E+01   -0.319156810607493526E+03
    0.111380501789014306E+04    0.328582857886494185E+04    0.559506302748441597E+00   -0.319150580501449326E+03
    0.312342808295601003E+03    0.415643062607611319E+04    0.942870758961925404E+00   -0.319147796211930711E+03
    0.116830388001187089E+04    0.374592776980991221E+04    0.770564610863088695E+00   -0.319146919978626045E+03
    0.472341449913625752E+03    0.537183182530068825E+04    0.626028215516907238E+00   -0.319144163772876823E+03
    0.607377067271045121E+03    0.491917721373674340E+04    0.908436410560232277E+00   -0.319139070556569493E+03
    0.457824013538145721E+03    0.513551312221074022E+04    0.564032136751849711E+00   -0.319134908441881976E+03
    0.457824013538145721E+03    0.513551312221074022E+04    0.564032136751849711E+00   -0.319134908441881976E+03
    0.800566711663120373E+03    0.483952618362072371E+04    0.756717780757288905E+00   -0.319127160110940395E+03
    0.120977925043113282E+04    0.344140512704337789E+04    0.741767228868781547E+00   -0.319125084359735126E+03
    0.701135928177102983E+03    0.378377862715281299E+04    0.109371632081489345E+01   -0.319106368070824885E+03
    0.530362966297861021E+03    0.506717905805887767E+04    0.554250563094704662E+00   -0.319101689817016620E+03
    0.110097462153711945E+04    0.413063495159630020E+04    0.590297361909172258E+00   -0.319100878929348482E+03
    0.106918426915893679E+04    0.419116958611338760E+04    0.727872471140573962E+00   -0.319099616931576350E+03
    0.905011728552663271E+03    0.340144571540446577E+04    0.101931038839571153E+01   -0.319097261495117323E+03
    0.905011728552663271E+03    0.340144571540446577E+04    0.101931038839571153E+01   -0.319097261495117323E+03
    0.254618516412236744E+03    0.454303311519800900E+04    0.948986479657327964E+00   -0.319095707357076321E+03
    0.254618516412236744E+03    0.454303311519800900E+04    0.948986479657327964E+00   -0.319095707357076321E+03
    0.435794779050259535E+03    0.444287890643355968E+04    0.105261193210329007E+01   -0.319094914191186035E+03
    0.435794779050259535E+03    0.444287890643355968E+04    0.105261193210329007E+01   -0.319094914191186035E+03
    0.601629452578943301E+03    0.411852639836159869E+04    0.524581600054607189E+00   -0.319091545658524865E+03
    0.601629452578943301E+03    0.411852639836159869E+04    0.524581600054607189E+00   -0.319091545658524865E+03
    0.469255561013395891E+03    0.436764953912195142E+04    0.106295911003943666E+01   -0.319081500129428491E+03
    0.138157977543472924E+03    0.520996492959502666E+04    0.781450382417745670E+00   -0.319075852281193704E+03
    0.221019276535293642E+03    0.477136450257680644E+04    0.923564247898853830E+00   -0.319065359347608307E+03
    0.221019276535293642E+03    0.477136450257680644E+04    0.923564247898853830E+00   -0.319065359347608307E+03
    0.532409561077911576E+03    0.396072121982268391E+04    0.106349527974312408E+01   -0.319053380336503267E+03
    0.532409561077911576E+03    0.396072121982268391E+04    0.106349527974312408E+01   -0.319053380336503267E+03
    0.589512882924872201E+03    0.497525045779297852E+04    0.878036922486447713E+00   -0.319047549264693430E+03
    0.589512882924872201E+03    0.497525045779297852E+04    0.878036922486447713E+00   -0.319047549264693430E+03
    0.370178818227620980E+03    0.389046162785248271E+04    0.869247691369032127E+00   -0.319046326965921764E+03
    0.553126998993544021E+03    0.351862388774331839E+04    0.690563322159118864E+00   -0.319043255765558627E+03
    0.519164797076173045E+03    0.514456724299462076E+04    0.574711198426487324E+00   -0.319039253772545464E+03
    0.683549161412605599E+03    0.357857232481605570E+04    0.104021541114079619E+01   -0.319032993413627821E+03
    0.146357826788196263E+03    0.488705382323680442E+04    0.798735597638040029E+00   -0.319030519353856732E+03
    0.498695071098328242E+03    0.513768476458828627E+04    0.853797159527049376E+00   -0.319030271846234371E+03
    0.498695071098328242E+03    0.513768476458828627E+04    0.853797159527049376E+00   -0.319030271846234371E+03
    0.920778908365958955E+03    0.430608887626455999E+04    0.511025452960990778E+00   -0.319030229899281494E+03
    0.920778908365958955E+03    0.430608887626455999E+04    0.511025452960990778E+00   -0.319030229899281494E+03
    0.407806028371116383E+03    0.428555812965515452E+04    0.102998835711720615E+01   -0.319025597932919027E+03
    0.407806028371116383E+03    0.428555812965515452E+04    0.102998835711720615E+01   -0.319025597932919027E+03
    0.696535844012410621E+03    0.423614299246339215E+04    0.105579918779449988E+01   -0.319023916452018284E+03
    0.991959967056933806E+03    0.413168776094263103E+04    0.861494052523244513E+00   -0.319020837476994473E+03
    0.207876473424140983E+03    0.537311355621603252E+04    0.778804420104227346E+00   -0.319019032435001577E+03
    0.615816776764540009E+03    0.446169693525680486E+04    0.103474421486202162E+01   -0.319018798990860091E+03
    0.615816776764540009E+03    0.446169693525680486E+04    0.103474421486202162E+01   -0.319018798990860091E+03
    0.665234549770367494E+03    0.330402920498020558E+04    0.721866126976475786E+00   -0.319014040848727859E+03
    0.110838458669284273E+04    0.356961862220211287E+04    0.863821482753962200E+00   -0.319013572361641138E+03
    0.361477426030460890E+03    0.543808559894694099E+04    0.704705968798289062E+00   -0.319012753283058714E+03
    0.512404901237482477E+03    0.442340838638169680E+04    0.105326533604635886E+01   -0.319012560868395383E+03
    0.292439425703786185E+03    0.416241289731848065E+04    0.731400721416918809E+00   -0.319011753794021445E+03
    0.112585061192562921E+04    0.400395874164976703E+04    0.630551711835457773E+00   -0.319011388184550640E+03
    0.295692812294540488E+03    0.428650695574430756E+04    0.674687566100142244E+00   -0.319010879273287458E+03
    0.654814430981096280E+03    0.508716787718684827E+04    0.603418802414912303E+00   -0.319009218952202446E+03
    0.439991844636705878E+03    0.373159761541178523E+04    0.878119860886591774E+00   -0.319005601785249837E+03
    0.118092637373053913E+04    0.348080077036176954E+04    0.605926534463336774E+00   -0.319001862824827583E+03
    0.323921950677357529E+03    0.456301367656476941E+04    0.986637976703731767E+00   -0.318999510208110053E+03
    0.583002762036447507E+03    0.427567776063118436E+04    0.106729791152233267E+01   -0.318997177707236403E+03
    0.583002762036447507E+03    0.427567776063118436E+04    0.106729791152233267E+01   -0.318997177707236403E+03
    0.411693555508462964E+03    0.494100861037145478E+04    0.947712215810866287E+00   -0.318981635184025606E+03
    0.643837117396140115E+03    0.512993750917645684E+04    0.669652370794259211E+00   -0.318973689140012254E+03
    0.176135894264809167E+03    0.528727467205995526E+04    0.737237757389737292E+00   -0.318973318312743345E+03
    0.800585424671960027E+03    0.333097743225047361E+04    0.602656154092198859E+00   -0.318965668143403263E+03
    0.800585424671960027E+03    0.333097743225047361E+04    0.602656154092198859E+00   -0.318965668143403263E+03
    0.608634411908128186E+03    0.452138862397846697E+04    0.101039931898179769E+01   -0.318944714304835031E+03
    0.531555879992591144E+03    0.520970888851609106E+04    0.617523441657014338E+00   -0.318928131001744248E+03
    0.431941792663156036E+03    0.419454399540161285E+04    0.101915480335357711E+01   -0.318927236445056906E+03
    0.431941792663156036E+03    0.419454399540161285E+04    0.101915480335357711E+01   -0.318927236445056906E+03
    0.961549803425452865E+03    0.310069354508575952E+04    0.808270945580809363E+00   -0.318920952931517263E+03
    0.795231374308527734E+03    0.434070582684873079E+04    0.507647617558183217E+00   -0.318918324688689722E+03
    0.646818219258318209E+03    0.475214623424287311E+04    0.912048318214884413E+00   -0.318915659227505841E+03
    0.646818219258318209E+03    0.475214623424287311E+04    0.912048318214884413E+00   -0.318915659227505841E+03
    0.381686793504316825E+03    0.519946114119061531E+04    0.849638148370208235E+00   -0.318915008756503653E+03
    0.740905574118265804E+03    0.342291608724212119E+04    0.979250436596713847E+00   -0.318909320124507758E+03
    0.917596403450606999E+03    0.382084283679187320E+04    0.986170412892773962E+00   -0.318900253767605307E+03
    0.332947446125662339E+03    0.453024977601113187E+04    0.974483611293485708E+00   -0.318899014496244149E+03
    0.115134891558130380E+04    0.351659786275072975E+04    0.760564936000183600E+00   -0.318893851439475895E+03
    0.170519714360330539E+03    0.488368977989879386E+04    0.792445774391908553E+00   -0.318881291588824297E+03
    0.603408434993491824E+03    0.500145630873061054E+04    0.818150712494119192E+00   -0.318875593974389744E+03
    0.603408434993491824E+03    0.500145630873061054E+04    0.818150712494119192E+00   -0.318875593974389744E+03
    0.531136220268216334E+03    0.441915142675716288E+04    0.103111765039137904E+01   -0.318872436377960980E+03
    0.695100963675201342E+03    0.329025413661185939E+04    0.766001983118004381E+00   -0.318863973782037419E+03
    0.687267414295339904E+03    0.431100198441763223E+04    0.101673570719900042E+01   -0.318863871302766256E+03
    0.680589365100353575E+03    0.331882361372753439E+04    0.829424549014946000E+00   -0.318860054944868807E+03
    0.544575888999272365E+03    0.517800535306473557E+04    0.625117405920076807E+00   -0.318859671311679961E+03
    0.459506847876731797E+03    0.508548137182612481E+04    0.861521787416246299E+00   -0.318854323759640010E+03
    0.576455090068856862E+03    0.396330864537733123E+04    0.566256460620635282E+00   -0.318848622578408026E+03
    0.576455090068856862E+03    0.396330864537733123E+04    0.566256460620635282E+00   -0.318848622578408026E+03
    0.427559889743867416E+03    0.380919819704555721E+04    0.860698017701770568E+00   -0.318847245181088340E+03
    0.459444917743024519E+03    0.526441958940045333E+04    0.739763849516985927E+00   -0.318817667456797494E+03
    0.459444917743024519E+03    0.526441958940045333E+04    0.739763849516985927E+00   -0.318817667456797494E+03
    0.896459883938361600E+03    0.372290861667026957E+04    0.989845984357869080E+00   -0.318815968514689644E+03
    0.412163285356637573E+03    0.504862377571527577E+04    0.593968436818806511E+00   -0.318815751357233921E+03
    0.412163285356637573E+03    0.504862377571527577E+04    0.593968436818806511E+00   -0.318815751357233921E+03
    0.697347762086839452E+03    0.467189462046705376E+04    0.538337244540316617E+00   -0.318809253947536320E+03
    0.697347762086839452E+03    0.467189462046705376E+04    0.538337244540316617E+00   -0.318809253947536320E+03
    0.113635231665155129E+04    0.337472260087268796E+04    0.734974974866513198E+00   -0.318808561432028739E+03
    0.214635346305686085E+03    0.476347845009710181E+04    0.705249357999278792E+00   -0.318803997602941536E+03
    0.704704386030213186E+03    0.334136111703263305E+04    0.866408277274442140E+00   -0.318785580920319148E+03
    0.704704386030213186E+03    0.334136111703263305E+04    0.866408277274442140E+00   -0.318785580920319148E+03
    0.526740340673771357E+03    0.519908706887995140E+04    0.709536453937302469E+00   -0.318785428913087742E+03
    0.526740340673771357E+03    0.519908706887995140E+04    0.709536453937302469E+00   -0.318785428913087742E+03
    0.279403494805885259E+03    0.436738169561040286E+04    0.871037070243007250E+00   -0.318779785052147929E+03
    0.943264273631921924E+03    0.402603448345357810E+04    0.524113625785994741E+00   -0.318778044377128026E+03
    0.855839242405373852E+03    0.356735611654709191E+04    0.551129927699576028E+00   -0.318776107025260330E+03
    0.927144779921572422E+03    0.430169183327624614E+04    0.811113393023312201E+00   -0.318772753406778861E+03
    0.307482300384645328E+03    0.463013443722053671E+04    0.934760771969993520E+00   -0.318772491485209912E+03
    0.822306585479711316E+03    0.419508507395080869E+04    0.952438908372711723E+00   -0.318768935478975266E+03
    0.822306585479711316E+03    0.419508507395080869E+04    0.952438908372711723E+00   -0.318768935478975266E+03
    0.372609155704933983E+03    0.462376103922474522E+04    0.965969944185235074E+00   -0.318766382129825388E+03
    0.372609155704933983E+03    0.462376103922474522E+04    0.965969944185235074E+00   -0.318766382129825388E+03
    0.892728006102217591E+03    0.332854769803469208E+04    0.919524131018719548E+00   -0.318759458891276495E+03
    0.219100823954750553E+03    0.462610294977102330E+04    0.809861539122217255E+00   -0.318752492410106811E+03
    0.219100823954750553E+03    0.462610294977102330E+04    0.809861539122217255E+00   -0.318752492410106811E+03
    0.548206701299103543E+03    0.488507628606809249E+04    0.566572025693809045E+00   -0.318750403611733930E+03
    0.327142741946433773E+03    0.411949061729586538E+04    0.807932614127479742E+00   -0.318746632091475760E+03
    0.327142741946433773E+03    0.411949061729586538E+04    0.807932614127479742E+00   -0.318746632091475760E+03
    0.914733237149117031E+03    0.396562252846736101E+04    0.930957203815876877E+00   -0.318742722878826214E+03
    0.212966396998168051E+03    0.498445826171942008E+04    0.707696985045934368E+00   -0.318738925571658228E+03
    0.229830949227019545E+03    0.470018111266930100E+04    0.850351480399667237E+00   -0.318736916250200181E+03
    0.538025634914538045E+03    0.515532656216804298E+04    0.725236139538400382E+00   -0.318736777223331273E+03
    0.538025634914538045E+03    0.515532656216804298E+04    0.725236139538400382E+00   -0.318736777223331273E+03
    0.105970241966774256E+04    0.330185562185851722E+04    0.806354226303214516E+00   -0.318735439128099472E+03
    0.105970241966774256E+04    0.330185562185851722E+04    0.806354226303214516E+00   -0.318735439128099472E+03
    0.710455150790125003E+03    0.344075846514562181E+04    0.928658896206274065E+00   -0.318728467757794704E+03
    0.359749372184510719E+03    0.515282425425198835E+04    0.633496022950551296E+00   -0.318728025319427388E+03
    0.359749372184510719E+03    0.515282425425198835E+04    0.633496022950551296E+00   -0.318728025319427388E+03
    0.478392320649156659E+03    0.440706323000409520E+04    0.572212383038524175E+00   -0.318725162879826996E+03
    0.365040826321125905E+03    0.415887836839884221E+04    0.912776275607897425E+00   -0.318711201515792595E+03
    0.772869244796674025E+03    0.476142768433207129E+04    0.728118669625147930E+00   -0.318710180559082630E+03
    0.764879725106957267E+03    0.362115228885694523E+04    0.997582560163763010E+00   -0.318707275897193881E+03
    0.764879725106957267E+03    0.362115228885694523E+04    0.997582560163763010E+00   -0.318707275897193881E+03
    0.789833074957707481E+03    0.358677904283586849E+04    0.990080371985990748E+00   -0.318705668675539641E+03
    0.811036679102556946E+03    0.415929976659827025E+04    0.522033927537972953E+00   -0.318701301171589989E+03
    0.106174512477540338E+04    0.326695728369196286E+04    0.759851128830245748E+00   -0.318697952853575202E+03
    0.333915184044245450E+03    0.426982555193090684E+04    0.902167982378381472E+00   -0.318695803618166735E+03
    0.858069383615606512E+03    0.342962459537485393E+04    0.590443012734834016E+00   -0.318695394137578546E+03
    0.417640657056520695E+03    0.415504441903605311E+04    0.635934634580702429E+00   -0.318691162427104189E+03
    0.259480619476515017E+03    0.517284238853285660E+04    0.698295578217344004E+00   -0.318687348687355268E+03
    0.271555619738919347E+03    0.444388555790321607E+04    0.724838722098966493E+00   -0.318684427413834385E+03
    0.737084527354701208E+03    0.424511746817891071E+04    0.526258806933052825E+00   -0.318683810944877052E+03
    0.851747805302195616E+03    0.458564372061446284E+04    0.722233600555342581E+00   -0.318682878389567236E+03
    0.262150336042650508E+03    0.456712124983763624E+04    0.864927232698649573E+00   -0.318680839278784106E+03
    0.933520644751020995E+03    0.329801473699270673E+04    0.871582414655692417E+00   -0.318678091050498665E+03
    0.107750282399501316E+04    0.393219923332470671E+04    0.652031517586062703E+00   -0.318677607986091175E+03
    0.107750282399501316E+04    0.393219923332470671E+04    0.652031517586062703E+00   -0.318677607986091175E+03
    0.109430384516379331E+04    0.372716791533821515E+04    0.608287015590767810E+00   -0.318677436453348037E+03
    0.252337578936369567E+03    0.487742117154914740E+04    0.677813462970867198E+00   -0.318676381272286051E+03
    0.382167151967077359E+03    0.426180468680001195E+04    0.644189434888557400E+00   -0.318672199533794185E+03
    0.816196662777653955E+03    0.380913704266489140E+04    0.994350807039997564E+00   -0.318670911852837094E+03
    0.862133098317996769E+03    0.458539681347597889E+04    0.630742511118561500E+00   -0.318667896457518282E+03
    0.239780444627399731E+03    0.500268120063001970E+04    0.823190581940518529E+00   -0.318664418406610196E+03
    0.476162945916775755E+03    0.374041701051423024E+04    0.816804966999701731E+00   -0.318663547299834875E+03
    0.666089048247457526E+03    0.463326706878548339E+04    0.897201735101403330E+00   -0.318662693799417184E+03
    0.673103514469442985E+03    0.434469299636495452E+04    0.978685571517160291E+00   -0.318661440107924534E+03
    0.870415254587927052E+03    0.456739876480245857E+04    0.666338523168939378E+00   -0.318658677355354598E+03
    0.870415254587927052E+03    0.456739876480245857E+04    0.666338523168939378E+00   -0.318658677355354598E+03
    0.106117306952695185E+04    0.379452022754798281E+04    0.779574742687524136E+00   -0.318654603480326500E+03
    0.813615392740114885E+03    0.447992379006774718E+04    0.551925801345176770E+00   -0.318650232702459846E+03
    0.929123683686848949E+03    0.330127824204066292E+04    0.864811356613365723E+00   -0.318649800520955750E+03
    0.875274351776565368E+03    0.396589042363426188E+04    0.941270150676981388E+00   -0.318646765796677812E+03
    0.349909782777667260E+03    0.409268398777599259E+04    0.780556503682584335E+00   -0.318646674768248602E+03
    0.623858507580614059E+03    0.351361113582073267E+04    0.875761539459795957E+00   -0.318643460657574337E+03
    0.465268561936136564E+03    0.433905962981802986E+04    0.988783908340148288E+00   -0.318641620710748896E+03
    0.107068280054632282E+04    0.390380143932470173E+04    0.700130490076456224E+00   -0.318640545271403710E+03
    0.510024717631816031E+03    0.387962774815788225E+04    0.953414102111769801E+00   -0.318636616986986382E+03
    0.105242100525839123E+04    0.387091291777399056E+04    0.762368764774735252E+00   -0.318635145807560320E+03
    0.854789995919618832E+03    0.351308813300889597E+04    0.578585383389502161E+00   -0.318635070718518250E+03
    0.474933470326713461E+03    0.439968513399839867E+04    0.582133889239981328E+00   -0.318631369056771973E+03
    0.721309568214565843E+03    0.471744921768183031E+04    0.804784633941382888E+00   -0.318626501098632218E+03
    0.997067456668234513E+03    0.345554085976748729E+04    0.866440296141911648E+00   -0.318621975803247267E+03
    0.929728857886715332E+03    0.369376668273496807E+04    0.927484819198444610E+00   -0.318620222328000125E+03
    0.858040457382502268E+03    0.328376751764449182E+04    0.671046136924328906E+00   -0.318619245835707318E+03
    0.110266358427993441E+04    0.348911369834063453E+04    0.676349569258744454E+00   -0.318618754356911154E+03
    0.106682052432787668E+04    0.361733358866894696E+04    0.791317759527021103E+00   -0.318618358972757278E+03
    0.106682052432787668E+04    0.361733358866894696E+04    0.791317759527021103E+00   -0.318618358972757278E+03
    0.571088326319487123E+03    0.445610557292648991E+04    0.977220342039941015E+00   -0.318616454197105668E+03
    0.249100847104429448E+03    0.474445156885288725E+04    0.704918047117046642E+00   -0.318615845019224139E+03
    0.520552616993840161E+03    0.461520208824155634E+04    0.951449514826074649E+00   -0.318608575333820625E+03
    0.520552616993840161E+03    0.461520208824155634E+04    0.951449514826074649E+00   -0.318608575333820625E+03
    0.725809606655883385E+03    0.471402204922565670E+04    0.578408648315372531E+00   -0.318608259551826222E+03
    0.944559345231192538E+03    0.384322852102048546E+04    0.897653683491712928E+00   -0.318606055822348765E+03
    0.907436486048516940E+03    0.443306051581728661E+04    0.622285881213714420E+00   -0.318601866363340434E+03
    0.230849600253339190E+03    0.473536752300022363E+04    0.784182485195616730E+00   -0.318599428544184320E+03
    0.451140752449446495E+03    0.502573715635521148E+04    0.614212897056036655E+00   -0.318598083328241273E+03
    0.893560078170739530E+03    0.446221462210328809E+04    0.622014127285005824E+00   -0.318592679605379260E+03
    0.905371572267144302E+03    0.338252678705035942E+04    0.889426110008014525E+00   -0.318592584320250296E+03
    0.501311658797156838E+03    0.485087201937797363E+04    0.885125423463460348E+00   -0.318590552561530501E+03
    0.951951404506218296E+03    0.350287079512388618E+04    0.896439495969518330E+00   -0.318589392175063040E+03
    0.628565142701179298E+03    0.439536683189842552E+04    0.970239308446581461E+00   -0.318589145880373962E+03
    0.724693923185659401E+03    0.428838690076056173E+04    0.953633426637955472E+00   -0.318585247287662810E+03
    0.302698581203815536E+03    0.430591424472498693E+04    0.780139652395692607E+00   -0.318584340024183064E+03
    0.642625780922322292E+03    0.380549397386345345E+04    0.989799779810750846E+00   -0.318583555654669738E+03
    0.563610208155852206E+03    0.504867488597143620E+04    0.649189851208854196E+00   -0.318576895172729337E+03
    0.105724544615203536E+04    0.376144914975740721E+04    0.763092347509377378E+00   -0.318572161229266442E+03
    0.989439406637222078E+03    0.399417274914067275E+04    0.572487795943728339E+00   -0.318560827541386402E+03
    0.411845601477042749E+03    0.514316799108450141E+04    0.661573407253840395E+00   -0.318556852356128729E+03
    0.968436734716480942E+03    0.354532008214801681E+04    0.879927587904275610E+00   -0.318554350087318710E+03
    0.827341660979142944E+03    0.365942701955773146E+04    0.958450374953592865E+00   -0.318543940729497137E+03
    0.100725082194687991E+04    0.330037976736304836E+04    0.691142854463560052E+00   -0.318543909476172246E+03
    0.908297324813888395E+03    0.438586545276035031E+04    0.617648043261622481E+00   -0.318539181162426644E+03
    0.283168189537074966E+03    0.462092672608829707E+04    0.696861776406515809E+00   -0.318536274240463740E+03
    0.954045523959996331E+03    0.424107390257426141E+04    0.713942033670991072E+00   -0.318526698157036947E+03
    0.400476212948635634E+03    0.460813317923804971E+04    0.931522064258076266E+00   -0.318525607054906686E+03
    0.569581858500738122E+03    0.398434704882129063E+04    0.982546001122903467E+00   -0.318522657816086735E+03
    0.960113197095737519E+03    0.347880830669384522E+04    0.867416401508207979E+00   -0.318521396244464199E+03
    0.715742358035161942E+03    0.379160261471799186E+04    0.981097505687501759E+00   -0.318511628231533848E+03
    0.904164811924744640E+03    0.327486178189273460E+04    0.766384925307654341E+00   -0.318505985422437107E+03
    0.790581452891792424E+03    0.400002083705782979E+04    0.543729551405330414E+00   -0.318505220388276996E+03
    0.339183128386067381E+03    0.511968718361193078E+04    0.774361460065949081E+00   -0.318505087875234437E+03
    0.583629190877809492E+03    0.394157315439981448E+04    0.600324492006492516E+00   -0.318498525856664060E+03
    0.583629190877809492E+03    0.394157315439981448E+04    0.600324492006492516E+00   -0.318498525856664060E+03
    0.107372856506904873E+04    0.363187781397747585E+04    0.690888095427291238E+00   -0.318498311063882397E+03
    0.361143632561229822E+03    0.431940466784656019E+04    0.894973662988727048E+00   -0.318495249759454794E+03
    0.378050087433172450E+03    0.413770153400262097E+04    0.857771590962051467E+00   -0.318494220817337521E+03
    0.603363795407746920E+03    0.357604715777375668E+04    0.727126370499026176E+00   -0.318494042053859118E+03
    0.603363795407746920E+03    0.357604715777375668E+04    0.727126370499026176E+00   -0.318494042053859118E+03
    0.264617525076420748E+03    0.460623927669740260E+04    0.763639979256400148E+00   -0.318492697572395059E+03
    0.303385094873686512E+03    0.439418489901042358E+04    0.748125866017461227E+00   -0.318492598994723437E+03
    0.710375458141139461E+03    0.480687908459173741E+04    0.681976279747269265E+00   -0.318487161983871715E+03
    0.710375458141139461E+03    0.480687908459173741E+04    0.681976279747269265E+00   -0.318487161983871715E+03
    0.559423788872575642E+03    0.383534844433409080E+04    0.940419053607979172E+00   -0.318486969456066504E+03
    0.674232459376626707E+03    0.477892503737470452E+04    0.777780892204768537E+00   -0.318479309108521193E+03
    0.104070815467170496E+04    0.368669488919981222E+04    0.614233596702456697E+00   -0.318478756193939660E+03
    0.450194125497461755E+03    0.420419505315076003E+04    0.945329899227326576E+00   -0.318478357589698362E+03
    0.792449923436897961E+03    0.429780173329046011E+04    0.551366599596124773E+00   -0.318465896149697755E+03
    0.900373931376928226E+03    0.372906990965845580E+04    0.908860416412390903E+00   -0.318465430988429262E+03
    0.558883922456762775E+03    0.455736807240208236E+04    0.572009654006064960E+00   -0.318463490136311918E+03
    0.349943550918270319E+03    0.512302552429432217E+04    0.712466118256389280E+00   -0.318461796545689310E+03
    0.572064394958169032E+03    0.457676009738510857E+04    0.920738469195139464E+00   -0.318460514498778309E+03
    0.910625920361907674E+03    0.331448982030987600E+04    0.699469705352930293E+00   -0.318452991195800905E+03
    0.696468752886548828E+03    0.353796349197117570E+04    0.661250143268417467E+00   -0.318448378568933265E+03
    0.564367414926199899E+03    0.370317913503458612E+04    0.697678312469609874E+00   -0.318447468011923661E+03
    0.992608373134122417E+03    0.408143851760800544E+04    0.667950151922474977E+00   -0.318447162481989380E+03
    0.383970592472005023E+03    0.492230539906530430E+04    0.639306561513726557E+00   -0.318444741708151525E+03
    0.704361421100332223E+03    0.355184338116547542E+04    0.901595736331346043E+00   -0.318443154503309927E+03
    0.912663735960406029E+03    0.375310483314220983E+04    0.893640849210524668E+00   -0.318442540074609099E+03
    0.649335057826546063E+03    0.478784862569831694E+04    0.604177225049139732E+00   -0.318441788065631840E+03
    0.103556137886060606E+04    0.376933095806440406E+04    0.627346885704118451E+00   -0.318438019426876394E+03
    0.353911553498610033E+03    0.442769242366856179E+04    0.889151810092793649E+00   -0.318437846727259682E+03
    0.851751136501626092E+03    0.415250710178672671E+04    0.869494280923871710E+00   -0.318435911810432231E+03
    0.622436187529171548E+03    0.357508552698020731E+04    0.719307672105697349E+00   -0.318434014451525400E+03
    0.105178255292956942E+04    0.363029017251593586E+04    0.718549322021955872E+00   -0.318432849128740713E+03
    0.472278391235776382E+03    0.404435524729310600E+04    0.656234274769879611E+00   -0.318424430488593032E+03
    0.479149221852709616E+03    0.445762262931775331E+04    0.943667808159470600E+00   -0.318422341863076781E+03
    0.102140171002990587E+04    0.391363291217401320E+04    0.650990163547689682E+00   -0.318419845091411162E+03
    0.366779683610994539E+03    0.454652607823851395E+04    0.897403185408603310E+00   -0.318412368966590407E+03
    0.810404690384991227E+03    0.335179993552794622E+04    0.749366567773732117E+00   -0.318410479113858742E+03
    0.798366126034005447E+03    0.387076913839580220E+04    0.944321408746594981E+00   -0.318409411441749512E+03
    0.627602996689872953E+03    0.355835996923316588E+04    0.810734765276834302E+00   -0.318408303040725002E+03
    0.940252271297550919E+03    0.410482569344416788E+04    0.774515957402926447E+00   -0.318406956789890387E+03
    0.619347119390581611E+03    0.455956689426757202E+04    0.571475874968891739E+00   -0.318404171306976252E+03
    0.459479816626700710E+03    0.428905717979409201E+04    0.939075479283259185E+00   -0.318396592639615392E+03
    0.760521161041641108E+03    0.366319672121108078E+04    0.934416513568746998E+00   -0.318392220143895656E+03
    0.792860272642273344E+03    0.429242690013075389E+04    0.561103418995296033E+00   -0.318389114829089294E+03
    0.375735477500069976E+03    0.470510108936644974E+04    0.641537675377901406E+00   -0.318387974594518141E+03
    0.587774148676239065E+03    0.363982165928200675E+04    0.741342339982955179E+00   -0.318382094623164392E+03
    0.543582478320844189E+03    0.389370201527308154E+04    0.919248074222478007E+00   -0.318372389648185219E+03
    0.737613185952187223E+03    0.447400011550222553E+04    0.841934502909244542E+00   -0.318370671295306806E+03
    0.446015594442729935E+03    0.432666532898007608E+04    0.630134460124582185E+00   -0.318368155284421164E+03
    0.748477004161555215E+03    0.449103424439343598E+04    0.823954387533607502E+00   -0.318366923130664702E+03
    0.806236853119526245E+03    0.384514653287747160E+04    0.568631810675669258E+00   -0.318364077234634465E+03
    0.953289718819842165E+03    0.389213485657510000E+04    0.813136972323130425E+00   -0.318362398078283320E+03
    0.752714282840059695E+03    0.359815279444204634E+04    0.624957379404034175E+00   -0.318361439411199115E+03
    0.101431760433367776E+04    0.384673408329491849E+04    0.714397891874590352E+00   -0.318360080245979873E+03
    0.803828038451257271E+03    0.375187075354641684E+04    0.929208577164770122E+00   -0.318356003984564893E+03
    0.524640634042438364E+03    0.481336591543082250E+04    0.610724674092276820E+00   -0.318354582504603684E+03
    0.478775617160765137E+03    0.452304310753491518E+04    0.604202018038668243E+00   -0.318354284000214534E+03
    0.992205441247502108E+03    0.376450674366447674E+04    0.782846160573055005E+00   -0.318353615826011890E+03
    0.680764272636875035E+03    0.457613993805517384E+04    0.581479413297350867E+00   -0.318353437129980989E+03
    0.881285902127626628E+03    0.357553524557136916E+04    0.878002536488455498E+00   -0.318347774550863562E+03
    0.898303204184624633E+03    0.370884536661718312E+04    0.879777369079971061E+00   -0.318346858401190332E+03
    0.616503648989834574E+03    0.482024565126184825E+04    0.765729048299487625E+00   -0.318339514724787023E+03
    0.658654649413676680E+03    0.364914528512960669E+04    0.892287093354884764E+00   -0.318339365159375802E+03
    0.102473890628770368E+04    0.362923310744626406E+04    0.675890128995453643E+00   -0.318336410872577687E+03
    0.860047419040449313E+03    0.424110291761109238E+04    0.583234841192361908E+00   -0.318335709034281194E+03
    0.291882557961839268E+03    0.476880142766368863E+04    0.737684344168491268E+00   -0.318335132196093582E+03
    0.839845331511180802E+03    0.425978271194542140E+04    0.817372649821356378E+00   -0.318329134029068371E+03
    0.643853390741385283E+03    0.438735950559631601E+04    0.915433536053817054E+00   -0.318326111350122233E+03
    0.713616545954723392E+03    0.371629428197277502E+04    0.927280162412779774E+00   -0.318325308385265316E+03
    0.900149215943055765E+03    0.370071089464339912E+04    0.872286499945236438E+00   -0.318324745619483963E+03
    0.322622482449543270E+03    0.483297444768942114E+04    0.695896935770212166E+00   -0.318321072144604216E+03
    0.587498438057405565E+03    0.478738442517927433E+04    0.614068148128010693E+00   -0.318320957160283172E+03
    0.936461378849263269E+03    0.342593725303069414E+04    0.778295347073906574E+00   -0.318312214881615262E+03
    0.886539464429074883E+03    0.349506741263240656E+04    0.842655555794188826E+00   -0.318310474732960643E+03
    0.598714400433446485E+03    0.451803575380776329E+04    0.583064488488811650E+00   -0.318302786673924174E+03
    0.467366928688053633E+03    0.412614787771983174E+04    0.903730961022846890E+00   -0.318300573002632177E+03
    0.670325479161004068E+03    0.354606351666609316E+04    0.803314663210202728E+00   -0.318299620491409428E+03
    0.894091799100657681E+03    0.404664787971773421E+04    0.582829570604522895E+00   -0.318297505717045169E+03
    0.568902279746196655E+03    0.490646018145003654E+04    0.672945429138516960E+00   -0.318296225145853214E+03
    0.446709859273680706E+03    0.472857598940453772E+04    0.868102361190042138E+00   -0.318295154950588937E+03
    0.796260795015331382E+03    0.384231269476309308E+04    0.579068062970985564E+00   -0.318293079653909899E+03
    0.354208196766494666E+03    0.431343623907888832E+04    0.763618075644812877E+00   -0.318292007737216750E+03
    0.710570107645563326E+03    0.456569919029572156E+04    0.804812312334699742E+00   -0.318291692966956589E+03
    0.737984461184497832E+03    0.444110987232444222E+04    0.581883723868531044E+00   -0.318290706441563600E+03
    0.962032859749399904E+03    0.370184775744219951E+04    0.803802706047949900E+00   -0.318286462023740739E+03
    0.717045699081057251E+03    0.349347019579258404E+04    0.743160525757588508E+00   -0.318284414922289841E+03
    0.956353122766022921E+03    0.344214151585251420E+04    0.717447427770338098E+00   -0.318283121369124217E+03
    0.964673169615197367E+03    0.387313008285967044E+04    0.614539417857814851E+00   -0.318282258298263287E+03
    0.627439336752757640E+03    0.362848707250039433E+04    0.725537470370363979E+00   -0.318281705130832734E+03
    0.743904503786376040E+03    0.346472432633078688E+04    0.754886307021239267E+00   -0.318281126720013788E+03
    0.451996856860155276E+03    0.449321964590326297E+04    0.905723447491870504E+00   -0.318279749685804745E+03
    0.729337299933898748E+03    0.412767054111143989E+04    0.919270194954454056E+00   -0.318275269219718325E+03
    0.945670706192176795E+03    0.403452930501420224E+04    0.740960831599591252E+00   -0.318273147495543810E+03
    0.431671651714331176E+03    0.426820787980592559E+04    0.829470444364338255E+00   -0.318078446389850512E+03
    0.917942771803861660E+03    0.378397740366168455E+04    0.781125291785518372E+00   -0.318113475961236475E+03
    0.652451681552347168E+03    0.412109607594253521E+04    0.897346804233382311E+00   -0.318076524629511539E+03
    0.555810021463651196E+03    0.450546218483977373E+04    0.601133380768066661E+00   -0.318210122922915104E+03
    0.786773173491770081E+03    0.372791088970952796E+04    0.653093714282943938E+00   -0.318010636764125081E+03
    0.427808356113680304E+03    0.489208330622966969E+04    0.655822136839705916E+00   -0.318271478565546943E+03
    0.927052929612721982E+03    0.401824149621941206E+04    0.631431755542887552E+00   -0.318191607777821730E+03
    0.804015930289872131E+03    0.352443707398792640E+04    0.683278405072549555E+00   -0.318177341121942447E+03
    0.496954881757846010E+03    0.395164033565730551E+04    0.815025327259454313E+00   -0.318156405471939763E+03
    0.517221175062054613E+03    0.389616209171819355E+04    0.850942569680022354E+00   -0.318231927081763899E+03
    0.781874068958517682E+03    0.433538489929080242E+04    0.791279422950912803E+00   -0.318137136014669466E+03
    0.552870140617613060E+03    0.438786009965560515E+04    0.841198840622215838E+00   -0.317930910700226775E+03
    0.640726986931048486E+03    0.456066269038548126E+04    0.838821219438160126E+00   -0.318206420535743689E+03
    0.802935511967977163E+03    0.433171203665721259E+04    0.744215229758836139E+00   -0.318088971180503563E+03
    0.851742507457990087E+03    0.416932426401321845E+04    0.639983872146066557E+00   -0.318066687756139970E+03
    0.806387834840689152E+03    0.348012986331820503E+04    0.806272518332242671E+00   -0.318219828391607962E+03
    0.809766388605661064E+03    0.354197527134354277E+04    0.791391970171989700E+00   -0.318111531131950414E+03
    0.763900245026142215E+03    0.440266568321803516E+04    0.771748731004037514E+00   -0.318115525325428109E+03
    0.526036472459284937E+03    0.398765430187145012E+04    0.827428014449039684E+00   -0.318037910790171793E+03
    0.900326942299891130E+03    0.365950210120999964E+04    0.674445028925533041E+00   -0.318060499698796718E+03
    0.404893616748935017E+03    0.476643091881743294E+04    0.756671575665538998E+00   -0.318053784561191435E+03
    0.827528231040437163E+03    0.436268876718897445E+04    0.702022629200781068E+00   -0.318158883406402424E+03
    0.666088398378268835E+03    0.442339207126578003E+04    0.813453916697742696E+00   -0.317997496733185756E+03
    0.762334369320396036E+03    0.407018880580043515E+04    0.614280340585384055E+00   -0.317990087538140870E+03
    0.478354621082255562E+03    0.466454818264664391E+04    0.710321476611192271E+00   -0.317924573927441600E+03
    0.828998651001993608E+03    0.394667536236401884E+04    0.738602019839981860E+00   -0.317862871436674936E+03
    0.828998651001993608E+03    0.394667536236401884E+04    0.738602019839981860E+00   -0.317862871436674936E+03
    0.791762754833434201E+03    0.416011446169388637E+04    0.768799322309059008E+00   -0.317925795127964250E+03
    0.616070545440828596E+03    0.421926239264620381E+04    0.808361476630967246E+00   -0.317788717486838834E+03
    0.993892070069103966E+03    0.366854127658669358E+04    0.672064046072191279E+00   -0.318245486438181388E+03
    0.643011127218761430E+03    0.439414143368636269E+04    0.712336702090673124E+00   -0.317771343882506073E+03
    0.643011127218761430E+03    0.439414143368636269E+04    0.712336702090673124E+00   -0.317771343882506073E+03
    0.616547336588844701E+03    0.384037179318518974E+04    0.711818283347139036E+00   -0.317970231239336670E+03
    0.602108130453668991E+03    0.410207926545391820E+04    0.678783949335879599E+00   -0.317825053622721555E+03
    0.602108130453668991E+03    0.410207926545391820E+04    0.678783949335879599E+00   -0.317825053622721555E+03
    0.660026855646636477E+03    0.419699035586952141E+04    0.908771154324511610E+00   -0.318162265993008077E+03
    0.475214059758238534E+03    0.473285767552883135E+04    0.631701965539536281E+00   -0.318213815420161154E+03
    0.629872612424528825E+03    0.376130769725541040E+04    0.653456694048792364E+00   -0.318258099104344751E+03
    0.738740025919691675E+03    0.373671550755388353E+04    0.702386484562556146E+00   -0.317911234174306685E+03
    0.384071071031734164E+03    0.478495039563637965E+04    0.779637034803890350E+00   -0.318118509711640229E+03
    0.425173107226340619E+03    0.446355562259773069E+04    0.778568181007330384E+00   -0.317945500823716031E+03
    0.425173107226340619E+03    0.446355562259773069E+04    0.778568181007330384E+00   -0.317945500823716031E+03
    0.559795795751053333E+03    0.438400274859792808E+04    0.754779142887955778E+00   -0.317747852419920434E+03
    0.985698300238574461E+03    0.363424410504382695E+04    0.726427203894413398E+00   -0.318227235241729375E+03
    0.802120459765579767E+03    0.443813619826050217E+04    0.742239534593143291E+00   -0.318235013375051096E+03
    0.629631346373637598E+03    0.399456975298479438E+04    0.768525795255133759E+00   -0.317763830307287662E+03
    0.623501067438657742E+03    0.475298814048432723E+04    0.646662604871921953E+00   -0.318201326682524041E+03
    0.716209011191076229E+03    0.400059299383047983E+04    0.894607059793889992E+00   -0.318096838774189848E+03
    0.622371381187908469E+03    0.442558143517813369E+04    0.767898378461391973E+00   -0.317816425423294959E+03
    0.622371381187908469E+03    0.442558143517813369E+04    0.767898378461391973E+00   -0.317816425423294959E+03
    0.571070434556840041E+03    0.395316949485946088E+04    0.836013433602079581E+00   -0.317983870748490972E+03
    0.571070434556840041E+03    0.395316949485946088E+04    0.836013433602079581E+00   -0.317983870748490972E+03
    0.621235777012474387E+03    0.458013514091891648E+04    0.802714536376912924E+00   -0.318064561977231108E+03
    0.634340176731973429E+03    0.412180747811900437E+04    0.625737079658492457E+00   -0.317990236704922324E+03
    0.898471233708545924E+03    0.350732775016460209E+04    0.657775774891577680E+00   -0.318236468639875170E+03
    0.682788199116534656E+03    0.458375725980878815E+04    0.742330470990228974E+00   -0.318071601782651783E+03
    0.763638596532395695E+03    0.415746379711213831E+04    0.675283907319997434E+00   -0.317821615827610287E+03
    0.763638596532395695E+03    0.415746379711213831E+04    0.675283907319997434E+00   -0.317821615827610287E+03
    0.790428887988695578E+03    0.405585068499719910E+04    0.820906654066054009E+00   -0.317985345968035972E+03
    0.744226982008475602E+03    0.414179056861217214E+04    0.847577196228438856E+00   -0.318022968032254084E+03
    0.369000694477173454E+03    0.443416254629888954E+04    0.830858289895280655E+00   -0.318199479673373219E+03
    0.450591670625301390E+03    0.404602257829247628E+04    0.730309105748853660E+00   -0.318228516444023626E+03
    0.461816393772855463E+03    0.434653736622833276E+04    0.913087145614066231E+00   -0.318267609814678735E+03
    0.982477801340007773E+03    0.376396290340909127E+04    0.687880829550652217E+00   -0.318203254989527807E+03
    0.707256489103357922E+03    0.392816580183028373E+04    0.916320688192837740E+00   -0.318176901056693794E+03
    0.324656448115489923E+03    0.463712035665450912E+04    0.765948636484691137E+00   -0.318212153781994971E+03
    0.790070663867532744E+03    0.385011763412141545E+04    0.721057517233281930E+00   -0.317810988133758030E+03
    0.790070663867532744E+03    0.385011763412141545E+04    0.721057517233281930E+00   -0.317810988133758030E+03
    0.377329223409536610E+03    0.450248389563619912E+04    0.706742490261238143E+00   -0.318136823676450433E+03
    0.918697551258877638E+03    0.377682055071540071E+04    0.760775952288293200E+00   -0.318076972534747711E+03
    0.395635325404553669E+03    0.435372188636859300E+04    0.802441400158173335E+00   -0.318096287858235655E+03
    0.427684938698152052E+03    0.448007055016071536E+04    0.873251019920696536E+00   -0.318174479108024059E+03
    0.817720029616324837E+03    0.380406941956626542E+04    0.767272719958104643E+00   -0.317882891292615511E+03
    0.625580564019257281E+03    0.429827047901588321E+04    0.820079825169374388E+00   -0.317853891037697622E+03
    0.345221450777802318E+03    0.483698635371479395E+04    0.804127229075003225E+00   -0.318260297491812253E+03
    0.833794823867624359E+03    0.361535731207512208E+04    0.837855173381761409E+00   -0.318140904319327092E+03
    0.596563785565265789E+03    0.469460853545331793E+04    0.725501847056911564E+00   -0.318018143008885602E+03
    0.657864303304215468E+03    0.467178632356091384E+04    0.741725953634603252E+00   -0.318140121248728292E+03
    0.529326870397879475E+03    0.425793563411987088E+04    0.883548112964647525E+00   -0.318056094345225233E+03
    0.806044946123401587E+03    0.389027126710814355E+04    0.653832577679504978E+00   -0.317901744966116667E+03
    0.552314077793414640E+03    0.406294886646843088E+04    0.866126026342012634E+00   -0.318018251806807370E+03
    0.739858477189360542E+03    0.399741227913665716E+04    0.681579595360089718E+00   -0.317775429715772077E+03
    0.749789693794638879E+03    0.398985867890655163E+04    0.840496403540470727E+00   -0.317944541807363464E+03
    0.646499183207018291E+03    0.401981236394959978E+04    0.804965852213124777E+00   -0.317790943125526837E+03
    0.646499183207018291E+03    0.401981236394959978E+04    0.804965852213124777E+00   -0.317790943125526837E+03
    0.642897754789825171E+03    0.379803348147514953E+04    0.853582683448421253E+00   -0.318059645586992588E+03
    0.409227103627604095E+03    0.426844621434458895E+04    0.746201883304062230E+00   -0.318102992062704686E+03
    0.720052900892690218E+03    0.373579665012500209E+04    0.739575603695600159E+00   -0.317893829706242911E+03
    0.958497528652766277E+03    0.382043692796199457E+04    0.714195343646051084E+00   -0.318147736070689291E+03
    0.638661969203273202E+03    0.438914719996286476E+04    0.882500502456033953E+00   -0.318168349009310361E+03
    0.493171376038206461E+03    0.422100852124564244E+04    0.670499933608528997E+00   -0.318039689602317708E+03
    0.489317392065379863E+03    0.430316574839598616E+04    0.662898491720441685E+00   -0.318026900956137638E+03
    0.489317392065379863E+03    0.430316574839598616E+04    0.662898491720441685E+00   -0.318026900956137638E+03
    0.445422530062870806E+03    0.445332352949354663E+04    0.722144609519068892E+00   -0.317910350440700142E+03
    0.887463116212033583E+03    0.400128313982561622E+04    0.611115061151997763E+00   -0.318146281457337295E+03
    0.892820179603806878E+03    0.373916704849341841E+04    0.831082486404648990E+00   -0.318171808012959161E+03
    0.772233396754719479E+03    0.417796542570211659E+04    0.647960212419873560E+00   -0.317895372526222502E+03
    0.773547395156517041E+03    0.376567491531973474E+04    0.719071940382530861E+00   -0.317852822654645820E+03
    0.704539991899519805E+03    0.405177359326242140E+04    0.632048050792067162E+00   -0.317915591982724322E+03
    0.669237805525369026E+03    0.465776026888480919E+04    0.677678620447449753E+00   -0.318108357132763786E+03
    0.707963013589015077E+03    0.372915371615151980E+04    0.682648777793594341E+00   -0.318001242337269503E+03
    0.908212351511659449E+03    0.374462291411999104E+04    0.618627668212255122E+00   -0.318171596197605027E+03
    0.691246243590179688E+03    0.385779992159822132E+04    0.899310383043428807E+00   -0.318126350371230956E+03
    0.931037376769597358E+03    0.372425367551618365E+04    0.769636418368815023E+00   -0.318123296591522376E+03
    0.428919325214831815E+03    0.456194505947166454E+04    0.815858598355818643E+00   -0.318013442077008790E+03
    0.460422770545272328E+03    0.447138562341400848E+04    0.761561726246855808E+00   -0.317863374954149094E+03
    0.584755601327308455E+03    0.416823914011189663E+04    0.829587418166247925E+00   -0.317843198565919351E+03
    0.584755601327308455E+03    0.416823914011189663E+04    0.829587418166247925E+00   -0.317843198565919351E+03
    0.804849592150574836E+03    0.353900043054543812E+04    0.825722490229185757E+00   -0.318175516757173511E+03
    0.733949103305203039E+03    0.450297918387960817E+04    0.702344793684584356E+00   -0.318053238404359263E+03
    0.650844759969853499E+03    0.384252915545348287E+04    0.839325746910250525E+00   -0.317969844502011711E+03
    0.650844759969853499E+03    0.384252915545348287E+04    0.839325746910250525E+00   -0.317969844502011711E+03
    0.687807242279835918E+03    0.408211927992157553E+04    0.661478916095748048E+00   -0.317802021026303635E+03
    0.475158773155435483E+03    0.426879688111875475E+04    0.765994718337209224E+00   -0.317877339387609936E+03
    0.604418720001048428E+03    0.390236956623070819E+04    0.703596795332419478E+00   -0.317937200056970255E+03
    0.535042584789796706E+03    0.442313362568469165E+04    0.774976242909072299E+00   -0.317790702960527312E+03
    0.540738872275323274E+03    0.414910760739156194E+04    0.933785423694277639E+00   -0.318265283443375267E+03
    0.554431109492830956E+03    0.424100021537454086E+04    0.775640231656284818E+00   -0.317755831418327773E+03
    0.554431109492830956E+03    0.424100021537454086E+04    0.775640231656284818E+00   -0.317755831418327773E+03
    0.796301869592819457E+03    0.389892709393365385E+04    0.689863620886067119E+00   -0.317821951845247554E+03
    0.796301869592819457E+03    0.389892709393365385E+04    0.689863620886067119E+00   -0.317821951845247554E+03
    0.462252812824363048E+03    0.445257007792983495E+04    0.814252073741942861E+00   -0.317934831785919755E+03
    0.462252812824363048E+03    0.445257007792983495E+04    0.814252073741942861E+00   -0.317934831785919755E+03
    0.531732734691207611E+03    0.465645297810369448E+04    0.624815204485289932E+00   -0.318146569815638429E+03
    0.627202185574406940E+03    0.417657204970898783E+04    0.618918052782895578E+00   -0.318016052643859325E+03
    0.996204684485016969E+03    0.376503088483147803E+04    0.704392232563319287E+00   -0.318250145477680633E+03
    0.783070142982929951E+03    0.352875156886301647E+04    0.853479725929982225E+00   -0.318259004817096582E+03
    0.934743048543488271E+03    0.365402554843627331E+04    0.769860316481936757E+00   -0.318143097273279068E+03
    0.599982988219622371E+03    0.398280927716928772E+04    0.864854611309211041E+00   -0.317994607079852187E+03
    0.753848646114211988E+03    0.400328787831573072E+04    0.610222315669059712E+00   -0.318023857680152730E+03
    0.820568979808833660E+03    0.421030190394335023E+04    0.768019749711155719E+00   -0.318053934165455587E+03
    0.817427431042161516E+03    0.390897447396346070E+04    0.833614239870342000E+00   -0.318026599909838922E+03
    0.813687637467301784E+03    0.396914265423699453E+04    0.786326728683557796E+00   -0.317910433731039177E+03
    0.509880065157592469E+03    0.395774694662549018E+04    0.735499700220956454E+00   -0.318099773260328163E+03
    0.454133611813885295E+03    0.433117525775365630E+04    0.748899651462504479E+00   -0.317902918634037746E+03
    0.662659711347978032E+03    0.376591372633097853E+04    0.705490219577101341E+00   -0.317980127312623154E+03
    0.805462847069978466E+03    0.412744171838494185E+04    0.604515739930657325E+00   -0.318076549852932999E+03
    0.623674019795895902E+03    0.407271903173509418E+04    0.734774895020349539E+00   -0.317722934793699892E+03
    0.623674019795895902E+03    0.407271903173509418E+04    0.734774895020349539E+00   -0.317722934793699892E+03
    0.582590220416410602E+03    0.466069684960974791E+04    0.606842811333993537E+00   -0.318230444209444613E+03
    0.772204866797004001E+03    0.354273062723914882E+04    0.763057757833062178E+00   -0.318103457746541039E+03
    0.563919530234148738E+03    0.393724455598139275E+04    0.809447141236823153E+00   -0.317964881041215165E+03
    0.501289945379893595E+03    0.422629030753268580E+04    0.702651818882553014E+00   -0.317900829451509765E+03
    0.786561299712591335E+03    0.428163826592656369E+04    0.813137232942248489E+00   -0.318152403986124000E+03
    0.910509761943583385E+03    0.348121466811309574E+04    0.678645903619298663E+00   -0.318228494847355137E+03
    0.626658110694100401E+03    0.405857653486520258E+04    0.801747839081785596E+00   -0.317780560591943640E+03
    0.748234806493128872E+03    0.389385725558840659E+04    0.707909763356470267E+00   -0.317778661322242556E+03
    0.748234806493128872E+03    0.389385725558840659E+04    0.707909763356470267E+00   -0.317778661322242556E+03
    0.820319089787178882E+03    0.433438082313541690E+04    0.782018811787078327E+00   -0.318245959378307816E+03
    0.849901581340974644E+03    0.346465039905633375E+04    0.819007446523100979E+00   -0.318262668913032257E+03
    0.696212828583811529E+03    0.392423704742891050E+04    0.615195944338965628E+00   -0.318094199076803534E+03
    0.923855456966498423E+03    0.370647608972160015E+04    0.715499883898100153E+00   -0.318053530205668551E+03
    0.780198540824707607E+03    0.352796252137762758E+04    0.687661426888159011E+00   -0.318188937466816128E+03
    0.728352993415485571E+03    0.446609734339334955E+04    0.598567285693727857E+00   -0.318207599845516711E+03
    0.930860335682551977E+03    0.385094058481267393E+04    0.770041778322931747E+00   -0.318147528051219183E+03
    0.995363307240117592E+03    0.378231037778519976E+04    0.721941079031285349E+00   -0.318265365154468668E+03
    0.427347723368262280E+03    0.412777491528580958E+04    0.830878068930640645E+00   -0.318222351241702711E+03
    0.780703993951693292E+03    0.384362643559702701E+04    0.768015768693700696E+00   -0.317830925890961566E+03
    0.720059539398426523E+03    0.439355497524939074E+04    0.825172516628424835E+00   -0.318133098611603259E+03
    0.579659265624915861E+03    0.469713713663883209E+04    0.617264629558975320E+00   -0.318204642892117079E+03
    0.698409652583241154E+03    0.433046532778976143E+04    0.589208402465704384E+00   -0.318152580601620741E+03
    0.866035669389982104E+03    0.352310309754809214E+04    0.691098345463874719E+00   -0.318139097309458748E+03
    0.691508961779678543E+03    0.371848160732181123E+04    0.714566218633380879E+00   -0.317975577135903507E+03
    0.544864787071469323E+03    0.472750344148581553E+04    0.646566115685961118E+00   -0.318100915282862104E+03
    0.636856914058435450E+03    0.424762893335143690E+04    0.802856636993053763E+00   -0.317793903718543447E+03
    0.712833289497965438E+03    0.380697657984601574E+04    0.691362443054111542E+00   -0.317881599077698638E+03
    0.712833289497965438E+03    0.380697657984601574E+04    0.691362443054111542E+00   -0.317881599077698638E+03
    0.332777296841054806E+03    0.468647739314055616E+04    0.800597979632721057E+00   -0.318217968161832403E+03
    0.545698661159345306E+03    0.428350797078824871E+04    0.613072893819848974E+00   -0.318176777476744917E+03
    0.590558303536490598E+03    0.412578401130091788E+04    0.646720645455167054E+00   -0.317957857089179072E+03
    0.866173239350262747E+03    0.423532346680899627E+04    0.682296992449518358E+00   -0.318127899876562708E+03
    0.926741010777544716E+03    0.367002104957336405E+04    0.744755763376852009E+00   -0.318087284160578918E+03
    0.800766153379437128E+03    0.443618473689987150E+04    0.640582537508436078E+00   -0.318194822517723765E+03
    0.564212161367818112E+03    0.417129717059408176E+04    0.787840906324460577E+00   -0.317774731564759634E+03
    0.564212161367818112E+03    0.417129717059408176E+04    0.787840906324460577E+00   -0.317774731564759634E+03
    0.873142261820477529E+03    0.384469477790927567E+04    0.804340072094066660E+00   -0.318059347362436370E+03
    0.623067454478165246E+03    0.418936094395181499E+04    0.737752063023871751E+00   -0.317696376739020025E+03
    0.736673954781570842E+03    0.383865535456967245E+04    0.627533623813817831E+00   -0.318049768357787059E+03
    0.766079141216247649E+03    0.383448135974299839E+04    0.895402767019401691E+00   -0.318156996136945963E+03
    0.420497094811427928E+03    0.437979353989688752E+04    0.802691991876840483E+00   -0.318006292586763720E+03
    0.838418754216433058E+03    0.428673749108144330E+04    0.781588801906055397E+00   -0.318246156320516945E+03
    0.743696775493410883E+03    0.406603194414890959E+04    0.843209506268621345E+00   -0.317966051098488720E+03
    0.533315995206293678E+03    0.387607236745346563E+04    0.780437458512478588E+00   -0.318111136553408812E+03
    0.604335832568941214E+03    0.431358272710102574E+04    0.620321618400068941E+00   -0.318006694445284609E+03
    0.689651168451238505E+03    0.457922931928071557E+04    0.783286253443362002E+00   -0.318179101231927405E+03
    0.452749846151671022E+03    0.441560411490992283E+04    0.855423512800990493E+00   -0.318060859267887963E+03
    0.783850294440649236E+03    0.374252112306683011E+04    0.887322946252029676E+00   -0.318173687188681640E+03
    0.581629717608012811E+03    0.391331695298747354E+04    0.772024694864918648E+00   -0.317915441050958066E+03
    0.581629717608012811E+03    0.391331695298747354E+04    0.772024694864918648E+00   -0.317915441050958066E+03
    0.799059697523301111E+03    0.450610236641715801E+04    0.661029695179896626E+00   -0.318263174738438465E+03
    0.427656759500764906E+03    0.430052835071264144E+04    0.850918627784931547E+00   -0.318126763762517783E+03
    0.682461259806924545E+03    0.457316692007493384E+04    0.623116320135914004E+00   -0.318141768211001306E+03
    0.662883160439936091E+03    0.387753768412442059E+04    0.686221263801328307E+00   -0.317888005926136998E+03
    0.554143654025013575E+03    0.431682605906718800E+04    0.664188649140189380E+00   -0.317867227287565072E+03
    0.795462621204148604E+03    0.393956467835410876E+04    0.671487598371643624E+00   -0.317840524776117718E+03
    0.604845698859545109E+03    0.412281139294634795E+04    0.722686118085998475E+00   -0.317727843725791899E+03
    0.604845698859545109E+03    0.412281139294634795E+04    0.722686118085998475E+00   -0.317727843725791899E+03
    0.533259491721607446E+03    0.464654943127877596E+04    0.842671320701642856E+00   -0.318147440778922316E+03
    0.527856605937494692E+03    0.483194461385109389E+04    0.630908092484092631E+00   -0.318268506333226014E+03
    0.546270411601157548E+03    0.424367079845954504E+04    0.876203577812408319E+00   -0.318014143508665597E+03
    0.546270411601157548E+03    0.424367079845954504E+04    0.876203577812408319E+00   -0.318014143508665597E+03
    0.824740782405641994E+03    0.379247916895683056E+04    0.616590695997667804E+00   -0.318096588455534970E+03
    0.801842524197552848E+03    0.443993183430282716E+04    0.639325267735689429E+00   -0.318205049577343573E+03
    0.468618213675050356E+03    0.460432129204317516E+04    0.723440884365690984E+00   -0.317889486444134150E+03
    0.650915978492311751E+03    0.397683184004336636E+04    0.602504192696139529E+00   -0.318220130247303473E+03
    0.879727671231363729E+03    0.408933824799922331E+04    0.776648811023818220E+00   -0.318153112750441323E+03
    0.523782011838031622E+03    0.466097295783239770E+04    0.665349619688534677E+00   -0.317986523915808903E+03
    0.978153039819801279E+03    0.376299265026012426E+04    0.645595581974921173E+00   -0.318230860882476350E+03
    0.647056625202121154E+03    0.392127882001679336E+04    0.875983205811007748E+00   -0.318024758689864257E+03
    0.729072101118475530E+03    0.380272001078778612E+04    0.617301051613976415E+00   -0.318153442104908720E+03
    0.477481994280429376E+03    0.408465335628742559E+04    0.711910884483002659E+00   -0.318098265033041969E+03
    0.359486288329521869E+03    0.436686370771181464E+04    0.734065608093353750E+00   -0.318247264158915300E+03
    0.727774789470674136E+03    0.361663941006021332E+04    0.781602097204773250E+00   -0.318049904438739929E+03
    0.768582350281806953E+03    0.352497342823258805E+04    0.766879094759831070E+00   -0.318136307322456162E+03
    0.395475366482255879E+03    0.449451515555900096E+04    0.820063179298932798E+00   -0.318080853824717508E+03
    0.576377512755805583E+03    0.400509782500377514E+04    0.751534757057361835E+00   -0.317831674366878872E+03
    0.576377512755805583E+03    0.400509782500377514E+04    0.751534757057361835E+00   -0.317831674366878872E+03
    0.437357530365857201E+03    0.453964408206374083E+04    0.686548353060025374E+00   -0.317999718283612424E+03
