    0.203718094289464383E-26    0.731023319173683262E+03    0.773413378494017670E+05    0.327914667394946082E+05    0.224530103707238959E+01    0.173090396537783353E+01    0.278199812294308479E+01
    0.215042853234481167E-15    0.680258246771371205E+03    0.362955298463260478E+05    0.120880593942191467E+04    0.249817386800505981E+01    0.180186248089165413E+01    0.271302441899261870E+01
    0.397752038507750462E-51    0.844814390533609412E+03    0.347642004489898682E+06    0.926903486251831055E+05    0.293423492312431344E+01    0.197207986593246454E+01    0.269750015735626203E+01
    0.845574906708955651E-10    0.654494036974734513E+03    0.356956146140818251E+06    0.668261610831498274E+04    0.299502775226253393E+01    0.136189120754909121E+01    0.243347891009484396E+01
    0.970899236372938614E-08    0.645007284741004810E+03    0.247778277890825295E+06    0.303540523699277182E+05    0.296758614249975183E+01    0.166217948614659639E+01    0.262015552681866870E+01
    0.626544347386425191E-24    0.719566013981010656E+03    0.255043491628142772E+06    0.288292275831161605E+05    0.299759037377985083E+01    0.131239456527681075E+01    0.210027851992686188E+01
    0.134024648051418240E-95    0.104961748885425482E+04    0.879290995666000526E+06    0.179908652176291434E+05    0.290754865831594378E+01    0.196988154927563719E+01    0.269635643179088280E+01
    0.463808345041333567E-55    0.862927786027331535E+03    0.797971983597208164E+06    0.112685613312039510E+06    0.299208165528422221E+01    0.175950961574107456E+01    0.263972282968685956E+01
    0.491330202844119549E-33    0.761498751945140270E+03    0.608856031939011533E+06    0.356598766361209637E+05    0.293801154722775770E+01    0.173086811694237319E+01    0.274212480499107869E+01
    0.136202212556403256E-06    0.639725108471768976E+03    0.218667812839181337E+06    0.938897146769292158E+04    0.297475824336797778E+01    0.166048332458774328E+01    0.257140958326306190E+01
    0.182000622864061465E-87    0.101216415459498432E+04    0.651280574378304533E+06    0.116406637054462321E+06    0.294459466404630366E+01    0.180805256122501556E+01    0.271408139174902363E+01
    0.245935189906121083E-18    0.693805295889496733E+03    0.381172146882634988E+05    0.435888479810749413E+05    0.266459044812358581E+01    0.104612236191240404E+01    0.266149688292889230E+01
    0.289786357327086302E-74    0.951366674490716264E+03    0.237482692994735495E+06    0.506032907199221227E+05    0.266570312071764315E+01    0.149795414646870673E+01    0.276385272304984841E+01
    0.196659131260044151E-12    0.666621467000938082E+03    0.530280569929556514E+05    0.313063066142659363E+04    0.247405374153666457E+01    0.104067100398634627E+01    0.265329901430988624E+01
    0.532229360880610440E-92    0.103304387669191306E+04    0.527628819777179815E+05    0.407283348277284531E+05    0.263193152068304048E+01    0.109913948290550040E+00    0.225899978516330746E+01
    0.999999854003714717E+00    0.608106858366850702E+03    0.179007235373150621E+03    0.297152219906448481E+05    0.247920631843787920E+01    0.162033427186621032E+00    0.255980582733613149E+01
    0.443206844726734470E-87    0.101038410165540256E+04    0.874316818274359393E+05    0.692189987497317270E+04    0.243462674058533146E+01    0.221455833683093989E+00    0.241974389426161407E+01
    0.224434926564258234E-93    0.103937602431818891E+04    0.103840533470257651E+06    0.956517105238941149E+05    0.244602808753730239E+01    0.152092679398385355E+01    0.269028206743954534E+01
    0.216798463625625351E-95    0.104865559993580564E+04    0.225827044212812791E+07    0.186587886757281149E+04    0.296484819545617162E+01    0.164049239420943915E+01    0.268910141947663828E+01
    0.702343710379811162E-73    0.944990946409695653E+03    0.239391648879671237E+07    0.957599337550794589E+05    0.299808207087320255E+01    0.182213824542674518E+01    0.241734976270441759E+01
    0.208138078332596943E-71    0.938213048442785407E+03    0.222589581962866150E+07    0.133146027268867474E+05    0.298663371400700850E+01    0.165956517776886425E+01    0.244623897353575703E+01
    0.145791439022633628E-50    0.842216523731057464E+03    0.529430965912654501E+05    0.670996906925579679E+05    0.273682429892591506E+01    0.375555767462211310E+00    0.264113711934711093E+01
    0.316660257820231476E-12    0.665668751950160981E+03    0.217703236862449237E+06    0.315150194012756656E+05    0.296289226579169052E+01    0.884698019382479828E+00    0.256958381456697316E+01
    0.110458390109816545E-52    0.851981940524304946E+03    0.317897054660428621E+05    0.927771017305175628E+05    0.292416909376255418E+01    0.644337162650568618E+00    0.274562867441928482E+01
    0.441500019327561363E-87    0.101039181868614412E+04    0.534218647455276441E+05    0.107441356539970177E+06    0.301632090722602664E+01    0.374233068980549088E+00    0.258405000472357838E+01
    0.499426969760545683E-96    0.105159178372625161E+04    0.523019371900184138E+06    0.402667604123791098E+05    0.295559636635475220E+01    0.445008115778158686E+00    0.241436805825508172E+01
    0.409590046201484698E-20    0.701995458808255989E+03    0.110478005014736540E+06    0.274946505896838607E+05    0.298633075659490599E+01    0.113150971129484712E+01    0.216436679109409802E+01
    0.231596537490939227E-50    0.841290884341821879E+03    0.247254967689514160E+05    0.858026146888732910E+05    0.258069720268249503E+01    0.203130708336830140E+00    0.270707421302795392E+01
    0.130680387559705332E-32    0.759542305479553306E+03    0.889087915420532227E+05    0.481075644493103027E+05    0.251059302091598502E+01    0.456668769121170048E+00    0.284944010376930246E+01
    0.143670150318241704E-39    0.791588965787765005E+03    0.444995072669349247E+05    0.863015686563291529E+05    0.234783607894519619E+01    0.917193477557624037E+00    0.293288235950844367E+01
    0.394703250333403689E-45    0.817198758567123605E+03    0.229556353450985946E+06    0.528539293009472167E+05    0.273715206106982123E+01    0.664760084453070887E+00    0.290005139641534981E+01
    0.985979760818309619E-15    0.677212649766966706E+03    0.357980978838695228E+05    0.433517969326111124E+05    0.231063357007308046E+01    0.899935058426794554E+00    0.288342308140768377E+01
    0.431994341048461749E-83    0.992014669092367058E+03    0.290983577118139190E+06    0.569106765367311818E+05    0.224714434541523556E+01    0.113631771795331578E-01    0.299344308463342612E+01
    0.137383089349822061E-73    0.948254245617638730E+03    0.217537238545021479E+06    0.878566978600134316E+05    0.263655615381000352E+01    0.720245390504880234E+00    0.295282917578617132E+01
    0.148401732605099859E-83    0.994151648058030673E+03    0.126526103516919902E+06    0.165620104869798699E+06    0.267821102461183713E+01    0.173547596154636982E-01    0.285080873625145337E+01
    0.764496706579624643E-51    0.843507612683376010E+03    0.438349029756500910E+06    0.508854393930764345E+05    0.278604738710461941E+01    0.240406118747182207E+00    0.299284324869941099E+01
    0.109466321929274019E-16    0.686213857729312167E+03    0.470033411173348431E+06    0.131540033657013701E+05    0.299704550103825262E+01    0.728799646151300551E+00    0.286839706479684509E+01
    0.894729681515490121E-92    0.103200498246207121E+04    0.550626716588583658E+06    0.130759167980632439E+06    0.281303705578806351E+01    0.190592185594011432E+01    0.295373542121303156E+01
    0.231641529761724372E-22    0.712345730631792435E+03    0.501070851197263808E+06    0.860995075633689848E+05    0.299270901640965148E+01    0.147127308658100375E+01    0.296630987207612318E+01
    0.429229761474095243E-44    0.812425872116116693E+03    0.272652925359736546E+06    0.960118537618279224E+05    0.295793226084936034E+01    0.110960630629694812E+01    0.282606453871461127E+01
    0.840354886717216744E-44    0.811082208242691991E+03    0.305316584735298238E+06    0.111484937004920812E+05    0.266435850414135800E+01    0.938241419241634844E+00    0.289703936932339268E+01
    0.510806015773818776E-70    0.931812301849488790E+03    0.159735371557062899E+06    0.136240136566306261E+06    0.243588853179815246E+01    0.188670336111226677E+01    0.297179718144857086E+01
    0.236864488265959009E-88    0.101624236860349765E+04    0.138405076224760502E+06    0.130914362429054396E+06    0.224429991630749415E+01    0.131497804876898039E+01    0.295530672302991793E+01
    0.229845831989714522E-23    0.716966465333593078E+03    0.453049422811129552E+05    0.778796904486647254E+05    0.256795858989056036E+01    0.161718417682160531E+01    0.289965654660240002E+01
    0.732236994039916338E-81    0.981748945250035376E+03    0.195519830999567988E+06    0.153360861624971265E+06    0.253355050646863100E+01    0.176137402453858227E+01    0.299420747803978493E+01
    0.800139091773755243E-62    0.894073349009539243E+03    0.101864264505168278E+06    0.128265610832630773E+06    0.210330312590110191E+01    0.198606853014182683E+01    0.294760417882793080E+01
    0.734857677197712531E-66    0.912664247220042057E+03    0.618535612659238104E+05    0.149479965099947498E+06    0.223381461076580967E+01    0.148963998656292351E+01    0.297541909854407560E+01
    0.871519897889324032E-95    0.104587305890874813E+04    0.244740341182590441E+03    0.213123878028424893E+06    0.262317842539103196E+01    0.128588152053695270E+01    0.298885310771355961E+01
    0.445496822160283837E-90    0.102418930514437579E+04    0.246862417459487915E+07    0.105526864528656006E+06    0.299217592477798444E+01    0.391811285018920930E+00    0.277081676721572867E+01
    0.237293017947775139E-69    0.928740519985766582E+03    0.283762198365831282E+07    0.946334817462710635E+05    0.299029937310718275E+01    0.855354763184261735E+00    0.280463683896890537E+01
    0.573951880622532492E-73    0.945394701087678186E+03    0.102385140162840579E+07    0.859488697112076916E+05    0.296214375075452407E+01    0.114998436922606029E+00    0.275301137647024641E+01
    0.752643141221977743E-59    0.880380227207267126E+03    0.253122619035724178E+07    0.485549988628144201E+05    0.298645958955512825E+01    0.124818519373493175E+01    0.265328414965274995E+01
    0.134095147391455789E-86    0.100816990542151598E+04    0.108776992032631603E+07    0.123606166785278387E+06    0.292737827488866165E+01    0.123115447121657162E+01    0.298789701614195424E+01
    0.400760450162978069E-19    0.697433874431268805E+03    0.790964845390531234E+06    0.799350850484722614E+05    0.299409351356538922E+01    0.173203736493351346E+01    0.291929493961788200E+01
